Player,TEAM,POS,DPCHT,G,rec_REC,rec_REC_mean,rec_TGT,rec_TGT_mean,rec_YDS,rec_YDS_mean,rec_Y/R,rec_FD,rec_FD_mean,rec_LG,rec_LG_mean,rec_20,rec_20_mean,rec_TD,rec_TD_mean,rush_ATT,rush_ATT_mean,rush_YDS,rush_YDS_mean,rush_Y/A,rush_FD,rush_FD_mean,rush_TD,rush_TD_mean,TOU,TOU_mean,OPP,OPP_mean,FD,FD_mean,FL,FL_mean,FL/T,INJCOR,FPTS,FPTS_mean,FPTS_median,FPTS_std,FPTS_adj,FPTS_bad,FPTS_poor,FPTS_okay,FPTS_good,FPTS_great,FPTS_QSRat,FPTS_GSRat,FPTS_Score,HALF,HALF_mean,HALF_median,HALF_std,HALF_adj,HALF_bad,HALF_poor,HALF_okay,HALF_good,HALF_great,HALF_QSRat,HALF_GSRat,HALF_Score,PPR,PPR_mean,PPR_median,PPR_std,PPR_adj,PPR_bad,PPR_poor,PPR_okay,PPR_good,PPR_great,PPR_QSRat,PPR_GSRat,PPR_Score,YOE,proj_HALF_mean,proj_HALF,proj_RANK
Rob Gronkowski,FA,TE,0.0,12.85,70.0,5.46,112.08,8.78,975.54,76.92,14.1,52.15,4.11,46.54,26.39,11.77,0.91,10.08,0.76,0.0,0.0,0.0,0.0,0.0,0.0,0.0,0.0,0.0,70.0,5.46,112.08,8.78,52.15,4.11,0.08,0.01,0.0,0.96,157.86,12.25,10.59,6.95,10.8,1.31,0.0,1.46,4.54,5.54,3.55,0.86,11.99,192.86,14.98,13.64,7.74,13.29,1.31,0.0,0.77,5.23,5.54,5.28,0.86,16.58,227.86,17.71,17.22,8.62,15.81,1.31,0.0,0.77,4.54,6.23,5.28,1.01,16.99,3,11.37,193.37,1.0
Jimmy Graham,FA,TE,0.0,15.92,85.23,5.35,129.23,8.12,971.38,61.03,11.39,56.0,3.52,36.54,19.23,8.92,0.56,11.31,0.71,0.0,0.0,0.0,0.0,0.0,0.0,0.0,0.0,0.0,85.23,5.35,129.23,8.12,56.0,3.52,1.38,0.08,0.01,1.0,162.22,10.19,9.62,7.15,8.89,4.31,1.77,0.23,2.69,6.92,1.67,0.85,10.44,204.83,12.86,12.82,8.4,11.17,4.08,0.31,1.85,2.77,6.92,1.7,0.85,14.41,247.45,15.54,15.45,9.7,13.46,4.08,0.0,2.15,2.77,6.92,1.7,0.85,14.62,3,10.75,182.79,2.0
Greg Olsen,FA,TE,0.0,16.0,80.31,5.02,118.77,7.43,951.0,59.44,11.83,52.15,3.26,37.08,20.34,7.08,0.44,5.92,0.37,0.0,0.0,0.0,0.0,0.0,0.0,0.0,0.0,0.0,80.31,5.02,118.77,7.43,52.15,3.26,0.0,0.0,0.0,1.0,130.64,8.16,8.37,4.96,7.83,5.08,1.54,2.08,2.46,4.85,0.87,0.47,8.65,170.79,10.68,11.45,5.94,10.13,4.62,0.85,2.31,2.08,6.15,1.11,0.74,12.82,210.95,13.18,14.42,7.01,12.41,4.54,0.69,2.38,2.38,6.0,1.15,0.73,13.3,3,9.93,168.81,3.0
Antonio Gates,FA,TE,0.0,15.92,69.31,4.35,100.08,6.28,811.0,50.86,11.7,44.08,2.76,39.08,19.82,9.15,0.57,9.77,0.61,0.0,0.0,0.0,0.0,0.0,0.0,0.0,0.0,0.0,69.31,4.35,100.08,6.28,44.08,2.76,0.46,0.03,0.01,1.0,138.79,8.7,7.24,6.93,7.66,6.08,1.08,1.0,3.92,3.85,1.04,0.34,8.0,173.45,10.88,9.7,7.6,9.69,5.54,1.15,1.23,4.15,3.85,1.07,0.34,11.2,208.1,13.05,11.84,8.32,11.74,5.31,1.38,1.92,3.31,4.0,0.87,0.35,11.38,3,8.04,136.62,7.0
Martellus Bennett,FA,TE,0.0,16.0,81.54,5.09,117.23,7.33,857.46,53.59,10.62,41.69,2.61,38.08,19.22,7.92,0.49,5.69,0.36,0.0,0.0,0.0,0.0,0.0,0.0,0.0,0.0,0.0,81.54,5.09,117.23,7.33,41.69,2.61,0.23,0.01,0.0,1.0,122.21,7.63,6.07,5.17,7.24,5.15,3.23,1.46,2.0,4.15,0.65,0.36,7.21,162.98,10.19,8.81,6.12,9.56,5.62,0.69,2.54,2.54,4.62,0.84,0.45,10.76,203.75,12.73,11.54,7.18,11.87,5.15,0.92,2.54,1.85,5.54,0.88,0.59,11.64,3,8.23,139.88,5.0
Julius Thomas,FA,TE,0.0,12.54,44.77,3.36,63.69,4.79,520.38,39.03,10.67,30.23,2.28,41.31,18.25,3.92,0.29,11.08,0.84,0.0,0.0,0.0,0.0,0.0,0.0,0.0,0.0,0.0,44.77,3.36,63.69,4.79,30.23,2.28,0.0,0.0,0.0,0.97,118.5,8.92,7.62,7.62,7.56,5.15,0.23,0.92,2.54,3.69,1.01,0.4,7.99,140.88,10.6,9.12,8.38,9.09,5.15,0.23,0.92,2.54,3.69,1.01,0.4,10.34,163.27,12.29,10.62,9.18,10.64,4.69,0.69,1.85,1.62,3.69,0.74,0.4,10.23,3,8.13,138.14,6.0
Jason Witten,FA,TE,0.0,16.0,69.62,4.35,99.38,6.21,763.0,47.69,11.02,47.69,2.98,34.15,18.53,7.38,0.47,5.54,0.34,0.0,0.0,0.0,0.0,0.0,0.0,0.0,0.0,0.0,69.62,4.35,99.38,6.21,47.69,2.98,0.0,0.0,0.0,1.0,109.53,6.85,6.01,4.61,6.69,5.31,2.69,2.69,2.31,3.0,0.5,0.25,6.6,144.34,9.02,8.04,5.45,8.74,4.77,2.46,3.38,2.31,3.08,0.51,0.26,9.74,179.15,11.2,10.07,6.38,10.78,4.77,2.38,2.62,3.08,3.15,0.65,0.27,10.01,3,7.56,128.55,8.0
Delanie Walker,FA,TE,0.0,15.08,59.08,3.93,96.23,6.4,774.38,51.51,13.24,31.54,2.1,58.15,22.44,6.31,0.42,4.38,0.29,0.0,0.0,0.0,0.0,0.0,0.0,0.0,0.0,0.0,59.08,3.93,96.23,6.4,31.54,2.1,0.08,0.0,0.0,1.0,103.59,6.89,4.91,5.14,6.52,5.46,3.77,0.62,2.62,2.62,0.56,0.21,6.12,133.13,8.85,6.91,5.93,8.37,5.31,3.54,1.08,2.62,2.54,0.55,0.21,8.69,162.67,10.82,8.61,6.79,10.21,5.31,2.0,2.62,2.62,2.54,0.55,0.21,9.06,3,6.85,116.51,10.0
Coby Fleener,FA,TE,0.0,15.69,49.31,3.13,87.46,5.54,697.77,44.06,14.04,36.15,2.28,62.69,21.76,8.69,0.55,6.62,0.42,0.0,0.0,0.0,0.0,0.0,0.0,0.0,0.0,0.0,49.31,3.13,87.46,5.54,36.15,2.28,0.0,0.0,0.0,1.0,110.39,6.97,5.26,6.05,6.32,7.38,1.15,1.69,2.23,3.23,0.53,0.26,6.13,135.05,8.53,7.24,6.66,7.82,7.54,0.38,3.08,1.23,3.46,0.42,0.28,8.59,159.7,10.08,8.92,7.33,9.34,6.62,2.08,2.31,1.23,3.46,0.42,0.28,8.72,3,7.29,123.99,9.0
Heath Miller,FA,TE,0.0,15.46,64.54,4.17,88.77,5.74,726.46,46.89,11.22,39.38,2.53,44.38,19.32,6.15,0.4,2.92,0.19,0.0,0.0,0.0,0.0,0.0,0.0,0.0,0.0,0.0,64.54,4.17,88.77,5.74,39.38,2.53,0.92,0.06,0.02,1.0,89.88,5.79,4.84,4.15,5.8,6.92,2.0,3.31,1.54,1.69,0.28,0.12,5.34,122.15,7.87,6.78,5.15,7.75,6.69,2.23,2.85,2.0,1.69,0.32,0.12,8.22,154.42,9.97,8.57,6.23,9.65,6.62,3.0,0.85,3.31,1.69,0.49,0.12,8.61,3,6.68,113.49,11.0
Charles Clay,FA,TE,0.0,14.46,57.46,3.96,84.23,5.81,610.31,42.03,10.67,30.38,2.09,46.23,19.05,6.46,0.45,3.62,0.24,1.62,0.1,3.46,0.22,0.49,0.46,0.03,0.23,0.01,59.08,4.06,85.85,5.91,30.85,2.12,0.0,0.0,0.0,1.0,84.45,5.79,3.79,4.57,5.65,8.31,1.62,0.46,1.92,2.15,0.39,0.18,5.08,113.18,7.77,5.86,5.11,7.64,7.62,1.15,1.46,2.08,2.15,0.42,0.18,7.78,141.92,9.75,8.39,5.76,9.61,6.69,1.15,1.69,2.77,2.15,0.53,0.18,8.63,3,6.1,103.74,14.0
Owen Daniels,FA,TE,0.0,12.69,43.54,3.64,72.15,6.07,478.08,39.62,10.91,29.15,2.5,36.46,17.73,3.15,0.3,3.92,0.36,0.0,0.0,0.0,0.0,0.0,0.0,0.0,0.0,0.0,43.54,3.64,72.15,6.07,29.15,2.5,0.0,0.0,0.0,0.94,71.35,6.08,4.45,4.77,5.87,6.15,2.54,1.23,0.15,2.62,0.28,0.26,4.93,93.12,7.9,6.58,5.27,7.7,6.92,0.77,2.15,0.23,2.62,0.3,0.26,7.66,114.88,9.72,8.23,5.83,9.57,6.15,1.46,1.46,1.69,1.92,0.44,0.19,7.74,3,6.05,102.82,16.0
Travis Kelce,KC,TE,1.0,12.25,50.25,3.14,65.25,4.08,646.5,40.41,9.65,33.75,2.11,25.5,16.5,9.75,0.61,3.75,0.23,0.0,0.0,0.0,0.0,0.0,0.0,0.0,0.0,0.0,50.25,3.14,65.25,4.08,33.75,2.11,2.25,0.14,0.03,0.82,82.65,5.17,5.32,2.93,5.26,4.0,1.5,1.5,3.75,1.5,0.59,0.11,5.41,107.78,6.74,6.45,3.38,6.84,4.0,1.5,1.5,3.75,1.5,0.59,0.11,7.55,132.9,8.31,7.57,3.89,8.41,3.25,2.25,1.5,3.75,1.5,0.59,0.11,7.57,2,8.41,142.97,4.0
Zach Ertz,WAS,TE,1.0,16.0,52.5,3.28,80.75,5.04,643.75,40.24,12.33,37.75,2.36,35.75,16.76,7.5,0.47,3.25,0.2,0.0,0.0,0.0,0.0,0.0,0.0,0.0,0.0,0.0,52.5,3.28,80.75,5.04,37.75,2.36,0.75,0.05,0.02,1.0,82.38,5.15,4.06,4.46,5.07,9.0,2.5,0.0,2.75,1.75,0.4,0.12,4.81,108.62,6.79,5.81,5.42,6.59,9.0,2.5,0.0,2.5,2.0,0.4,0.14,7.32,134.88,8.43,7.42,6.59,8.04,9.25,0.0,2.25,2.5,2.0,0.4,0.14,7.36,2,6.54,111.19,12.0
Jordan Cameron,FA,TE,0.0,11.46,36.62,3.0,63.54,5.36,522.54,44.7,15.75,20.77,1.69,70.46,26.92,4.0,0.34,3.08,0.25,0.0,0.0,0.0,0.0,0.0,0.0,0.0,0.0,0.0,36.62,3.0,63.54,5.36,20.77,1.69,0.0,0.0,0.0,0.97,70.72,5.98,4.5,5.6,5.51,7.23,0.92,0.54,0.46,2.31,0.33,0.26,5.15,89.02,7.48,6.15,6.06,6.98,7.15,0.77,0.77,0.23,2.54,0.33,0.29,7.24,107.33,8.98,7.67,6.58,8.47,6.69,1.31,0.69,0.23,2.54,0.33,0.29,7.58,3,5.02,85.33,20.0
Jared Cook,FA,TE,0.0,15.77,51.15,3.25,93.92,5.95,634.0,40.2,12.39,31.85,2.02,56.38,19.77,4.38,0.28,3.54,0.23,0.69,0.04,0.0,0.0,0.0,0.0,0.0,0.0,0.0,51.85,3.29,94.62,5.99,31.85,2.02,0.31,0.02,0.01,1.0,84.02,5.33,4.12,5.05,5.09,8.23,3.46,1.54,0.62,1.92,0.2,0.14,4.73,109.59,6.96,5.96,5.44,6.75,8.46,3.23,0.92,1.23,1.92,0.25,0.14,7.2,135.17,8.58,7.7,5.92,8.42,8.23,2.77,1.85,1.69,1.23,0.23,0.09,7.46,3,6.1,103.69,15.0
Jermaine Gresham,FA,TE,0.0,14.85,58.46,3.93,77.38,5.21,480.85,32.32,8.32,24.69,1.66,27.08,15.1,3.0,0.2,4.77,0.32,0.0,0.0,0.0,0.0,0.0,0.0,0.0,0.0,0.0,58.46,3.93,77.38,5.21,24.69,1.66,0.77,0.05,0.02,1.0,75.16,5.05,3.84,3.76,5.18,8.31,1.31,2.38,1.31,1.54,0.24,0.11,4.59,104.39,7.01,6.17,4.27,7.22,7.54,1.08,3.54,1.08,1.62,0.23,0.12,7.16,133.62,8.98,8.51,4.98,9.18,5.23,3.62,2.54,2.62,0.85,0.31,0.06,8.06,3,5.69,96.71,18.0
Jordan Reed,FA,TE,0.0,10.5,48.75,4.66,63.75,6.1,473.5,45.56,9.75,24.75,2.4,32.0,15.31,2.75,0.26,0.75,0.08,0.25,0.03,4.5,0.5,4.5,0.25,0.03,0.0,0.0,49.0,4.69,64.0,6.13,25.0,2.43,0.75,0.07,0.02,0.98,50.8,4.97,3.32,4.18,4.93,5.75,2.25,0.25,1.0,1.25,0.29,0.15,4.35,75.18,7.3,4.95,5.49,7.02,5.0,1.5,1.75,1.0,1.25,0.29,0.15,7.02,99.55,9.63,6.62,6.88,9.07,4.75,0.75,2.0,0.75,2.25,0.41,0.29,7.55,2,4.91,83.42,23.0
Dwayne Allen,FA,TE,0.0,10.46,23.77,1.99,40.15,3.44,318.15,28.15,14.94,19.15,1.66,36.08,18.26,2.92,0.43,6.0,0.67,0.23,0.01,0.38,0.02,0.13,0.15,0.01,0.0,0.0,24.0,2.01,40.38,3.46,19.31,1.67,0.0,0.0,0.0,0.83,67.85,6.84,7.73,3.69,4.83,3.46,0.85,1.85,2.92,1.38,0.61,0.12,5.39,79.74,7.84,8.34,4.25,5.67,3.54,0.85,1.62,3.77,0.69,0.62,0.06,6.68,91.62,8.84,9.25,4.83,6.53,3.54,1.77,0.69,4.46,0.0,0.62,0.0,6.43,3,4.53,76.93,24.0
Kyle Rudolph,FA,TE,0.0,9.31,27.62,2.97,41.38,4.4,270.08,29.17,9.78,14.38,1.51,25.31,12.29,2.92,0.32,2.77,0.28,0.0,0.0,0.0,0.0,0.0,0.0,0.0,0.0,0.0,27.62,2.97,41.38,4.4,14.38,1.51,0.0,0.0,0.0,0.92,43.78,4.63,4.95,3.73,4.74,4.23,1.62,2.15,0.69,0.62,0.22,0.07,4.29,57.58,6.11,6.68,4.56,6.16,4.23,0.92,2.38,1.15,0.62,0.24,0.07,6.26,71.39,7.6,8.41,5.5,7.55,4.23,1.62,1.69,1.15,0.62,0.24,0.07,6.65,3,3.15,53.59,37.0
Scott Chandler,FA,TE,0.0,15.92,48.08,3.02,72.85,4.58,539.15,33.88,11.19,28.15,1.77,36.54,17.44,8.08,0.51,3.0,0.19,0.0,0.0,0.0,0.0,0.0,0.0,0.0,0.0,0.0,48.08,3.02,72.85,4.58,28.15,1.77,0.31,0.02,0.01,1.0,71.3,4.48,2.99,3.74,4.61,9.77,0.85,1.77,3.08,0.46,0.29,0.04,3.91,95.34,6.0,4.45,4.39,6.13,9.77,0.85,1.08,3.85,0.38,0.37,0.03,6.07,119.38,7.5,5.95,5.14,7.63,9.54,1.54,0.54,3.23,1.08,0.38,0.08,6.46,3,4.42,75.14,26.0
Mychal Rivera,FA,TE,0.0,16.0,53.0,3.31,89.25,5.58,502.25,31.4,9.59,28.0,1.75,34.0,14.44,4.75,0.3,4.0,0.25,0.0,0.0,0.0,0.0,0.0,0.0,0.0,0.0,0.0,53.0,3.31,89.25,5.58,28.0,1.75,0.75,0.05,0.02,1.0,72.73,4.54,2.46,5.07,4.34,12.0,0.0,0.25,1.5,2.25,0.3,0.17,3.89,99.22,6.2,3.65,6.03,5.86,11.25,0.75,0.5,1.25,2.25,0.28,0.17,5.82,125.73,7.86,5.4,7.04,7.38,11.25,0.0,1.25,1.25,2.25,0.28,0.17,6.25,2,5.27,89.63,19.0
Vernon Davis,FA,TE,0.0,14.38,33.15,2.29,58.69,4.06,407.92,27.83,11.32,17.69,1.21,38.92,15.86,4.23,0.28,4.77,0.32,0.69,0.05,2.77,0.2,2.77,0.0,0.0,0.0,0.0,33.85,2.33,59.38,4.11,17.69,1.21,0.23,0.02,0.0,1.0,69.22,4.71,3.75,5.12,4.32,10.54,0.23,0.46,1.08,2.08,0.44,0.19,4.29,85.8,5.85,4.88,5.7,5.43,10.54,0.0,0.69,1.08,2.08,0.44,0.19,5.79,102.38,6.99,6.0,6.29,6.57,10.54,0.0,0.69,1.08,2.08,0.44,0.19,6.09,3,4.96,84.36,21.0
Larry Donnell,FA,TE,0.0,16.0,48.0,3.0,70.5,4.41,475.0,29.69,10.0,27.5,1.72,26.75,12.17,2.25,0.14,4.5,0.28,0.0,0.0,0.0,0.0,0.0,0.0,0.0,0.0,0.0,48.0,3.0,70.5,4.41,27.5,1.72,3.0,0.19,0.05,1.0,68.5,4.28,2.36,4.65,3.95,10.75,1.5,0.75,1.5,1.5,0.25,0.11,3.42,92.5,5.78,4.31,5.25,5.37,10.0,1.5,0.75,2.25,1.5,0.34,0.11,5.72,116.5,7.28,6.26,5.93,6.79,9.25,2.25,0.0,3.0,1.5,0.45,0.11,6.32,2,4.93,83.82,22.0
Marcedes Lewis,CHI,TE,1.0,9.31,22.23,2.33,38.23,4.04,267.0,27.96,12.03,12.77,1.34,55.08,17.84,2.08,0.19,2.62,0.28,0.0,0.0,0.0,0.0,0.0,0.0,0.0,0.0,0.0,22.23,2.33,38.23,4.04,12.77,1.34,0.23,0.02,0.01,0.92,41.93,4.41,3.12,4.6,4.31,5.62,0.08,1.92,0.85,0.85,0.21,0.11,3.51,53.05,5.58,4.99,4.95,5.53,4.92,1.46,1.23,0.77,0.92,0.21,0.11,5.32,64.16,6.74,6.57,5.41,6.75,4.85,0.85,2.15,1.23,0.23,0.17,0.02,5.53,3,3.32,56.39,33.0
Dennis Pitta,FA,TE,0.0,4.23,20.38,5.14,29.38,7.2,177.0,41.81,8.2,9.62,2.39,25.46,17.74,1.77,0.49,0.77,0.09,0.0,0.0,0.0,0.0,0.0,0.0,0.0,0.0,0.0,20.38,5.14,29.38,7.2,9.62,2.39,0.0,0.0,0.0,0.61,22.32,4.73,3.54,3.93,4.8,2.46,0.31,0.08,1.15,0.23,0.47,0.02,2.9,32.51,7.3,5.44,5.59,7.04,2.46,0.08,0.23,1.23,0.23,0.48,0.02,5.12,42.7,9.87,7.35,7.3,9.2,2.38,0.15,0.0,0.69,1.0,0.64,0.37,5.26,3,2.33,39.56,52.0
Tim Wright,FA,TE,0.0,16.0,33.0,2.06,43.5,2.72,337.0,21.06,10.11,21.0,1.31,31.5,9.98,2.5,0.15,5.75,0.36,1.0,0.06,-1.0,-0.06,-1.0,0.0,0.0,0.0,0.0,34.0,2.13,44.5,2.78,21.0,1.31,0.0,0.0,0.0,1.0,68.1,4.26,1.86,5.31,4.02,10.5,0.75,1.25,0.75,2.75,0.29,0.21,3.26,84.6,5.29,2.8,6.31,4.94,10.5,1.5,0.25,1.25,2.5,0.32,0.19,4.68,101.1,6.32,3.74,7.35,5.87,11.75,0.25,0.25,1.0,2.75,0.32,0.21,4.79,2,4.34,73.84,27.0
Kelvin Benjamin,FA,TE,0.0,16.0,73.0,4.56,145.0,9.06,1008.0,63.0,13.81,51.0,3.19,51.0,24.62,9.0,0.56,9.0,0.56,0.0,0.0,0.0,0.0,0.0,0.0,0.0,0.0,0.0,73.0,4.56,145.0,9.06,51.0,3.19,1.0,0.06,0.01,1.0,0.0,0.0,0.0,0.0,0.0,16.0,0.0,0.0,0.0,0.0,0.0,0.0,0.91,36.5,2.28,2.25,1.24,3.2,16.0,0.0,0.0,0.0,0.0,0.0,0.0,4.68,73.0,4.56,4.5,2.48,5.56,13.0,3.0,0.0,0.0,0.0,0.0,0.0,4.93,1,6.14,104.41,13.0
Jace Amaro,FA,TE,0.0,14.0,38.0,2.71,53.0,3.79,345.0,24.64,9.08,20.0,1.43,43.0,12.29,3.0,0.21,2.0,0.14,0.0,0.0,0.0,0.0,0.0,0.0,0.0,0.0,0.0,38.0,2.71,53.0,3.79,20.0,1.43,0.0,0.0,0.0,1.0,46.5,3.32,2.1,3.58,3.45,9.0,3.0,1.0,0.0,1.0,0.08,0.08,2.81,65.5,4.68,3.55,4.82,4.67,9.0,3.0,1.0,0.0,1.0,0.08,0.08,4.59,84.5,6.04,5.05,6.1,5.87,9.0,2.0,2.0,0.0,1.0,0.08,0.08,4.96,1,4.51,76.59,25.0
Garrett Graham,FA,TE,0.0,11.77,25.92,2.15,43.0,3.55,282.38,23.42,10.86,14.15,1.17,30.0,11.7,2.69,0.22,2.08,0.17,0.0,0.0,0.0,0.0,0.0,0.0,0.0,0.0,0.0,25.92,2.15,43.0,3.55,14.15,1.17,0.23,0.02,0.0,1.0,40.24,3.31,2.65,3.64,3.37,9.08,0.69,0.31,0.92,0.77,0.18,0.07,3.08,53.2,4.38,3.65,4.33,4.42,8.15,1.62,0.31,0.92,0.77,0.18,0.07,4.48,66.16,5.45,4.65,5.1,5.46,7.92,1.92,1.15,0.0,0.77,0.07,0.07,4.59,3,2.72,46.27,42.0
Anthony Fasano,FA,TE,0.0,13.69,25.77,1.94,37.85,2.84,228.15,17.16,8.89,14.54,1.09,21.54,9.99,1.69,0.12,3.85,0.29,0.0,0.0,0.0,0.0,0.0,0.0,0.0,0.0,0.0,25.77,1.94,37.85,2.84,14.54,1.09,0.0,0.0,0.0,0.98,46.05,3.44,2.14,3.62,3.57,9.77,0.08,1.15,2.62,0.08,0.25,0.01,2.83,58.93,4.41,3.46,4.06,4.59,9.77,0.23,1.23,2.38,0.08,0.21,0.01,4.26,71.82,5.38,4.5,4.57,5.62,9.77,1.0,1.85,1.0,0.08,0.09,0.01,4.37,3,2.89,49.08,41.0
Austin Seferian-Jenkins,FA,TE,0.0,9.0,21.0,2.33,38.0,4.22,221.0,24.56,10.52,12.0,1.33,30.0,14.67,2.0,0.22,2.0,0.22,0.0,0.0,0.0,0.0,0.0,0.0,0.0,0.0,0.0,21.0,2.33,38.0,4.22,12.0,1.33,1.0,0.11,0.05,0.93,32.1,3.57,2.6,3.05,3.86,5.0,2.0,1.0,1.0,0.0,0.12,0.0,2.94,42.6,4.73,3.1,3.76,5.03,5.0,1.0,2.0,1.0,0.0,0.12,0.0,4.23,53.1,5.9,3.6,4.48,6.2,5.0,1.0,2.0,1.0,0.0,0.12,0.0,4.18,1,1.9,32.24,64.0
Lance Kendricks,FA,TE,0.0,15.77,29.31,1.86,41.85,2.66,278.77,17.67,9.45,17.38,1.1,26.92,12.51,2.62,0.17,4.69,0.3,0.0,0.0,0.0,0.0,0.0,0.0,0.0,0.0,0.0,29.31,1.86,41.85,2.66,17.38,1.1,0.0,0.0,0.0,1.0,56.18,3.56,2.15,3.35,3.76,10.69,0.85,1.69,2.46,0.08,0.19,0.01,2.89,70.84,4.49,2.85,3.72,4.78,10.77,1.54,1.62,1.77,0.08,0.13,0.01,4.06,85.49,5.42,3.74,4.16,5.8,11.69,0.62,2.38,1.0,0.08,0.08,0.01,4.19,3,3.38,57.52,32.0
Brent Celek,FA,TE,0.0,15.92,33.92,2.14,53.85,3.4,403.85,25.46,11.9,18.62,1.17,37.92,13.18,6.69,0.42,2.15,0.13,0.0,0.0,0.0,0.0,0.0,0.0,0.0,0.0,0.0,33.92,2.14,53.85,3.4,18.62,1.17,1.0,0.06,0.03,1.0,51.31,3.23,2.02,3.46,3.35,11.15,1.69,1.15,0.92,1.0,0.16,0.07,2.78,68.27,4.3,2.72,4.09,4.44,11.08,2.46,0.38,1.69,0.31,0.16,0.02,4.03,85.23,5.37,3.63,4.78,5.53,11.77,1.08,1.31,1.0,0.77,0.14,0.05,4.25,3,3.55,60.41,30.0
Jordan Matthews,CAR,TE,1.0,16.0,67.0,4.19,103.0,6.44,872.0,54.5,13.01,42.0,2.62,44.0,22.94,11.0,0.69,8.0,0.5,0.0,0.0,0.0,0.0,0.0,0.0,0.0,0.0,0.0,67.0,4.19,103.0,6.44,42.0,2.62,0.0,0.0,0.0,1.0,0.0,0.0,0.0,0.0,0.0,16.0,0.0,0.0,0.0,0.0,0.0,0.0,0.64,33.5,2.09,2.0,1.19,2.97,16.0,0.0,0.0,0.0,0.0,0.0,0.0,3.94,67.0,4.19,4.0,2.37,5.16,14.0,2.0,0.0,0.0,0.0,0.0,0.0,4.31,1,5.89,100.1,17.0
Andrew Quarless,FA,TE,0.0,16.0,29.75,1.86,47.75,2.99,320.25,20.02,10.79,19.5,1.22,31.0,12.42,1.5,0.09,2.75,0.17,0.0,0.0,0.0,0.0,0.0,0.0,0.0,0.0,0.0,29.75,1.86,47.75,2.99,19.5,1.22,0.0,0.0,0.0,1.0,48.52,3.03,1.81,3.24,3.25,11.75,1.5,1.5,0.75,0.5,0.09,0.04,2.49,63.4,3.96,2.76,3.78,4.22,11.75,1.5,1.5,0.75,0.5,0.09,0.04,3.87,78.27,4.9,3.7,4.36,5.21,12.25,2.5,0.0,0.75,0.5,0.09,0.04,4.03,2,3.98,67.66,28.0
Eric Ebron,FA,TE,0.0,13.0,25.0,1.92,47.0,3.62,248.0,19.08,9.92,14.0,1.08,22.0,10.23,1.0,0.08,1.0,0.08,0.0,0.0,0.0,0.0,0.0,0.0,0.0,0.0,0.0,25.0,1.92,47.0,3.62,14.0,1.08,0.0,0.0,0.0,1.0,30.8,2.37,2.3,2.49,2.7,12.0,0.0,0.0,1.0,0.0,0.08,0.0,2.48,43.3,3.33,3.3,2.94,3.76,12.0,0.0,0.0,1.0,0.0,0.08,0.0,3.84,55.8,4.29,4.3,3.46,4.81,12.0,0.0,0.0,1.0,0.0,0.08,0.0,4.12,1,3.12,53.11,38.0
John Carlson,FA,TE,0.0,15.15,30.85,2.04,50.0,3.29,325.0,21.49,10.24,16.46,1.09,30.15,13.67,3.0,0.2,0.92,0.06,0.0,0.0,0.0,0.0,0.0,0.0,0.0,0.0,0.0,30.85,2.04,50.0,3.29,16.46,1.09,0.23,0.02,0.01,1.0,38.96,2.57,1.7,2.3,3.02,13.08,0.92,0.92,0.0,0.23,0.02,0.02,2.27,54.38,3.59,2.72,2.63,4.25,13.77,0.23,0.92,0.0,0.23,0.02,0.02,3.72,69.81,4.61,3.96,3.03,5.48,13.77,0.0,1.15,0.0,0.23,0.02,0.02,4.16,3,3.54,60.19,31.0
Jeff Cumberland,FA,TE,0.0,15.69,24.15,1.54,45.62,2.91,290.46,18.65,11.92,13.15,0.84,33.23,11.91,3.77,0.24,3.23,0.21,0.0,0.0,0.0,0.0,0.0,0.0,0.0,0.0,0.0,24.15,1.54,45.62,2.91,13.15,0.84,0.0,0.0,0.0,1.0,48.43,3.11,1.65,3.99,3.14,11.46,1.0,0.23,2.69,0.31,0.24,0.02,2.54,60.51,3.88,2.56,4.48,3.93,11.46,1.0,1.23,1.77,0.23,0.14,0.02,3.53,72.58,4.65,3.38,5.01,4.74,11.46,0.77,1.46,2.0,0.0,0.14,0.0,3.73,3,2.96,50.33,40.0
Brandon Myers,FA,TE,0.0,14.62,32.15,2.15,47.54,3.17,314.0,20.8,9.33,15.15,1.0,26.46,10.49,4.85,0.32,1.23,0.08,0.0,0.0,0.0,0.0,0.0,0.0,0.0,0.0,0.0,32.15,2.15,47.54,3.17,15.15,1.0,0.0,0.0,0.0,1.0,38.78,2.54,1.66,2.45,2.77,12.46,0.54,0.62,0.31,0.69,0.08,0.05,2.26,54.86,3.61,2.51,3.42,3.8,11.69,1.23,0.69,0.31,0.69,0.08,0.05,3.5,70.94,4.69,3.38,4.42,4.8,10.92,1.23,1.23,0.54,0.69,0.1,0.05,3.78,3,3.3,56.11,34.0
Clay Harbor,FA,TE,0.0,13.77,25.46,1.87,35.31,2.58,281.77,20.62,11.08,12.62,0.91,49.46,12.65,3.0,0.22,1.31,0.09,0.0,0.0,0.0,0.0,0.0,0.0,0.0,0.0,0.0,25.46,1.87,35.31,2.58,12.62,0.91,0.31,0.02,0.01,1.0,35.41,2.58,1.52,3.88,2.63,11.54,0.23,1.0,0.23,0.77,0.08,0.06,2.12,48.14,3.51,2.1,4.62,3.55,10.85,0.92,0.31,0.92,0.77,0.15,0.06,3.26,60.87,4.45,2.67,5.47,4.46,10.85,0.23,1.23,0.69,0.77,0.13,0.06,3.37,3,2.53,42.97,47.0
Chase Ford,FA,TE,0.0,10.5,20.0,1.87,30.25,2.83,226.75,21.28,11.44,13.0,1.22,25.75,11.12,2.5,0.23,0.75,0.07,0.0,0.0,0.0,0.0,0.0,0.0,0.0,0.0,0.0,20.0,1.87,30.25,2.83,13.0,1.22,0.0,0.0,0.0,0.98,27.18,2.54,1.32,3.3,2.68,8.75,0.25,0.75,0.0,0.75,0.08,0.08,2.07,37.18,3.48,1.82,4.13,3.59,8.75,0.25,0.75,0.0,0.75,0.08,0.08,3.24,47.18,4.41,2.32,5.01,4.48,8.0,1.0,0.0,0.75,0.75,0.16,0.08,3.29,2,1.74,29.61,65.0
Luke Willson,FA,TE,0.0,15.25,21.5,1.42,37.0,2.44,339.5,22.35,15.74,13.75,0.9,69.75,14.83,4.25,0.28,2.5,0.16,0.0,0.0,0.0,0.0,0.0,0.0,0.0,0.0,0.0,21.5,1.42,37.0,2.44,13.75,0.9,0.0,0.0,0.0,1.0,48.95,3.22,1.34,5.83,2.96,12.5,0.75,0.25,0.75,1.0,0.13,0.07,2.24,59.7,3.94,1.84,6.22,3.68,12.5,0.75,1.0,0.0,1.0,0.07,0.07,3.1,70.45,4.64,2.71,6.65,4.41,11.75,1.5,1.0,0.25,0.75,0.07,0.05,3.26,2,3.57,60.62,29.0
Niles Paul,FA,TE,0.0,15.77,28.54,1.79,39.0,2.44,374.46,23.45,13.4,14.69,0.92,43.23,14.41,3.23,0.2,0.77,0.05,0.08,0.0,-0.08,-0.0,-0.08,0.0,0.0,0.0,0.0,28.62,1.79,39.08,2.45,14.69,0.92,0.69,0.04,0.02,1.0,40.67,2.55,1.21,3.19,2.62,12.23,1.38,1.38,0.08,0.69,0.05,0.05,1.91,54.94,3.44,1.97,3.93,3.47,12.23,1.38,0.77,0.69,0.69,0.1,0.05,3.08,69.21,4.34,2.67,4.71,4.32,12.23,1.46,0.69,0.69,0.69,0.1,0.05,3.23,3,3.29,55.85,35.0
Cooper Helfet,FA,TE,0.0,10.0,12.0,1.2,24.0,2.4,185.0,18.5,15.42,9.0,0.9,36.0,13.6,3.0,0.3,2.0,0.2,0.0,0.0,0.0,0.0,0.0,0.0,0.0,0.0,0.0,12.0,1.2,24.0,2.4,9.0,0.9,0.0,0.0,0.0,0.96,30.5,3.05,1.0,4.15,3.06,8.0,0.0,0.0,1.0,1.0,0.25,0.11,2.25,36.5,3.65,1.75,4.53,3.7,8.0,0.0,1.0,1.0,0.0,0.11,0.0,2.93,42.5,4.25,2.5,4.92,4.36,8.0,0.0,1.0,1.0,0.0,0.11,0.0,3.03,1,1.48,25.13,67.0
Dion Sims,FA,TE,0.0,14.25,19.5,1.38,29.5,2.1,221.0,15.75,10.2,10.5,0.75,30.5,10.07,1.5,0.11,1.75,0.12,0.0,0.0,0.0,0.0,0.0,0.0,0.0,0.0,0.0,19.5,1.38,29.5,2.1,10.5,0.75,0.0,0.0,0.0,1.0,32.6,2.32,1.24,2.69,2.54,11.0,1.75,0.75,0.75,0.0,0.06,0.0,1.8,42.35,3.01,1.99,3.03,3.3,11.0,1.0,1.5,0.75,0.0,0.06,0.0,2.78,52.1,3.7,2.74,3.44,4.07,12.0,0.75,0.75,0.75,0.0,0.06,0.0,3.01,2,2.55,43.39,45.0
Rob Housler,FA,TE,0.0,14.54,18.69,1.34,30.15,2.14,226.15,16.15,13.32,11.23,0.8,28.38,10.82,3.54,0.25,0.23,0.02,0.69,0.05,0.69,0.05,0.69,0.69,0.05,0.0,0.0,19.38,1.39,30.85,2.19,11.92,0.84,0.0,0.0,0.0,1.0,24.07,1.73,1.36,1.62,2.08,13.0,0.77,0.46,0.31,0.0,0.02,0.0,1.63,33.42,2.4,2.3,2.1,2.79,13.08,0.46,0.69,0.31,0.0,0.02,0.0,2.71,42.76,3.07,3.26,2.62,3.48,13.08,0.23,0.69,0.46,0.08,0.05,0.01,2.99,3,2.33,39.65,51.0
Levine Toilolo,FA,TE,0.0,16.0,26.0,1.63,43.25,2.7,192.25,12.02,7.01,12.25,0.77,18.0,8.04,0.75,0.05,2.0,0.12,0.0,0.0,0.0,0.0,0.0,0.0,0.0,0.0,0.0,26.0,1.63,43.25,2.7,12.25,0.77,0.75,0.05,0.02,1.0,29.72,1.85,1.21,2.37,2.14,14.0,0.25,1.75,0.0,0.0,0.0,0.0,1.61,42.72,2.67,2.02,2.77,3.06,14.0,0.25,1.75,0.0,0.0,0.0,0.0,2.68,55.72,3.48,2.84,3.21,3.96,14.25,0.25,1.5,0.0,0.0,0.0,0.0,2.99,2,3.27,55.66,36.0
Tony Moeaki,FA,TE,0.0,5.77,8.08,1.09,13.31,1.79,127.62,17.78,12.65,6.0,0.82,46.54,14.69,1.15,0.15,0.77,0.12,0.0,0.0,0.0,0.0,0.0,0.0,0.0,0.0,0.0,8.08,1.09,13.31,1.79,6.0,0.82,0.0,0.0,0.0,0.72,17.38,2.5,2.07,2.01,2.82,4.08,0.08,1.54,0.0,0.08,0.01,0.01,1.73,21.42,3.05,3.02,2.21,3.46,4.08,1.46,0.15,0.08,0.0,0.01,0.0,2.65,25.45,3.6,3.9,2.51,4.08,4.08,1.54,0.08,0.08,0.0,0.01,0.0,2.73,3,0.0,0.0,105.5
Benjamin Watson,FA,TE,0.0,15.77,22.0,1.39,34.62,2.19,184.85,11.77,8.24,11.54,0.73,19.85,7.64,1.08,0.07,2.08,0.13,0.0,0.0,0.0,0.0,0.0,0.0,0.0,0.0,0.0,22.0,1.39,34.62,2.19,11.54,0.73,0.0,0.0,0.0,1.0,30.95,1.97,0.88,2.53,2.22,12.54,1.54,1.62,0.0,0.08,0.01,0.01,1.47,41.95,2.66,1.52,2.88,3.0,12.85,1.31,1.38,0.15,0.08,0.02,0.01,2.43,52.95,3.36,2.17,3.28,3.79,13.08,1.69,0.77,0.15,0.08,0.02,0.01,2.63,3,2.59,44.04,44.0
Brandon Pettigrew,FA,TE,0.0,14.0,20.92,1.49,32.77,2.34,188.08,13.43,7.93,9.69,0.7,18.0,6.66,1.15,0.08,0.69,0.05,0.0,0.0,0.0,0.0,0.0,0.0,0.0,0.0,0.0,20.92,1.49,32.77,2.34,9.69,0.7,0.38,0.03,0.01,1.0,22.19,1.59,1.15,1.54,1.86,12.31,0.54,0.77,0.38,0.0,0.03,0.0,1.48,32.65,2.33,1.81,2.14,2.66,12.15,0.31,1.15,0.38,0.0,0.04,0.0,2.42,43.12,3.08,2.37,2.8,3.43,12.15,0.31,1.08,0.46,0.0,0.06,0.0,2.62,3,1.92,32.63,63.0
Ladarius Green,FA,TE,0.0,13.69,17.38,1.26,24.54,1.75,247.54,17.67,14.41,11.85,0.83,35.62,11.76,4.38,0.31,0.69,0.04,0.0,0.0,0.0,0.0,0.0,0.0,0.0,0.0,0.0,17.38,1.26,24.54,1.75,11.85,0.83,0.0,0.0,0.0,0.97,28.91,2.02,1.09,2.68,2.24,11.38,0.69,1.15,0.23,0.23,0.03,0.02,1.54,37.6,2.66,1.59,3.29,2.9,11.38,0.0,1.85,0.23,0.23,0.03,0.02,2.4,46.29,3.29,2.18,3.93,3.55,11.38,0.23,1.85,0.0,0.23,0.02,0.02,2.45,3,2.44,41.54,48.0
Daniel Fells,FA,TE,0.0,15.7,14.8,0.93,18.9,1.19,177.7,11.23,12.7,11.1,0.7,27.8,7.8,2.8,0.18,3.6,0.22,0.0,0.0,0.0,0.0,0.0,0.0,0.0,0.0,0.0,14.8,0.93,18.9,1.19,11.1,0.7,0.9,0.05,0.05,1.0,37.57,2.36,1.26,2.93,2.56,12.1,0.9,0.9,1.8,0.0,0.13,0.0,1.82,44.97,2.83,1.71,3.22,3.09,12.1,0.9,2.7,0.0,0.0,0.0,0.0,2.39,52.37,3.29,2.16,3.55,3.63,13.0,0.9,1.8,0.0,0.0,0.0,0.0,2.44,3,2.64,44.95,43.0
Bruce Miller,FA,TE,0.0,15.54,19.15,1.25,26.62,1.74,193.38,12.59,10.05,10.69,0.7,27.15,8.08,1.69,0.1,1.38,0.08,6.15,0.4,10.62,0.69,1.74,2.23,0.14,0.0,0.0,25.31,1.65,32.77,2.14,12.92,0.84,0.69,0.04,0.03,1.0,27.32,1.76,0.71,2.26,2.07,13.23,0.92,1.38,0.0,0.0,0.0,0.0,1.33,36.9,2.38,1.4,2.72,2.77,13.23,0.92,1.38,0.0,0.0,0.0,0.0,2.3,46.48,3.01,2.03,3.24,3.46,13.46,0.69,1.38,0.0,0.0,0.0,0.0,2.42,3,2.54,43.23,46.0
Joseph Fauria,FA,TE,0.0,9.25,9.0,0.93,16.5,1.75,107.25,11.16,12.12,6.5,0.65,25.75,9.55,2.25,0.26,2.5,0.22,0.0,0.0,0.0,0.0,0.0,0.0,0.0,0.0,0.0,9.0,0.93,16.5,1.75,6.5,0.65,0.0,0.0,0.0,0.88,27.73,2.66,1.04,3.59,2.75,6.25,1.25,1.25,0.25,0.25,0.04,0.02,1.59,32.22,3.12,1.6,3.92,3.26,7.0,1.0,1.0,0.0,0.25,0.02,0.02,2.27,36.72,3.59,2.1,4.26,3.8,7.5,0.5,1.0,0.0,0.25,0.02,0.02,2.3,2,1.09,18.51,69.0
Richard Rodgers,FA,TE,0.0,16.0,20.0,1.25,30.0,1.88,225.0,14.06,11.25,9.0,0.56,43.0,9.25,1.0,0.06,2.0,0.12,0.0,0.0,0.0,0.0,0.0,0.0,0.0,0.0,0.0,20.0,1.25,30.0,1.88,9.0,0.56,0.0,0.0,0.0,1.0,34.5,2.16,0.35,3.0,2.34,12.0,3.0,0.0,1.0,0.0,0.07,0.0,1.36,44.5,2.78,1.1,3.52,3.0,11.0,3.0,1.0,1.0,0.0,0.07,0.0,2.2,54.5,3.41,1.85,4.11,3.66,13.0,1.0,2.0,0.0,0.0,0.0,0.0,2.39,1,3.05,51.85,39.0
Jim Dray,FA,TE,0.0,15.77,17.92,1.12,26.23,1.64,218.31,13.66,12.34,11.38,0.71,26.54,9.65,2.08,0.13,1.15,0.07,0.0,0.0,0.0,0.0,0.0,0.0,0.0,0.0,0.0,17.92,1.12,26.23,1.64,11.38,0.71,0.23,0.01,0.01,1.0,28.29,1.77,0.57,2.3,2.03,13.23,1.38,0.46,0.69,0.0,0.05,0.0,1.27,37.25,2.33,1.1,2.74,2.65,13.92,0.69,0.46,0.69,0.0,0.05,0.0,2.08,46.22,2.89,1.56,3.21,3.26,13.69,1.15,0.92,0.0,0.0,0.0,0.0,2.09,3,2.35,39.94,49.0
Jacob Tamme,FA,TE,0.0,15.31,18.31,1.18,31.62,2.06,160.62,10.36,8.34,8.23,0.53,24.23,6.84,0.92,0.06,1.77,0.11,0.0,0.0,0.0,0.0,0.0,0.0,0.0,0.0,0.0,18.31,1.18,31.62,2.06,8.23,0.53,0.69,0.05,0.05,1.0,25.29,1.64,0.62,2.7,1.82,13.23,0.15,0.77,1.15,0.0,0.08,0.0,1.29,34.45,2.23,1.19,3.14,2.46,13.0,1.08,0.77,0.46,0.0,0.03,0.0,1.97,43.6,2.83,1.77,3.64,3.09,12.92,1.15,0.77,0.38,0.08,0.03,0.01,2.21,3,2.08,35.35,55.0
Tyler Eifert,FA,TE,0.0,4.5,12.0,2.9,17.0,3.23,139.0,35.17,12.1,6.25,1.82,30.25,19.98,1.25,0.78,0.5,0.03,0.0,0.0,0.0,0.0,0.0,0.0,0.0,0.0,0.0,12.0,2.9,17.0,3.23,6.25,1.82,0.0,0.0,0.0,0.46,16.9,3.72,3.35,0.79,1.01,3.25,0.5,0.25,0.5,0.0,0.04,0.0,0.78,22.9,5.17,4.78,0.89,1.36,3.0,0.75,0.25,0.5,0.0,0.04,0.0,1.96,28.9,6.62,6.28,1.0,1.72,3.0,0.75,0.5,0.25,0.0,0.02,0.0,1.31,2,0.21,3.54,70.0
Rhett Ellison,FA,TE,0.0,14.85,14.85,0.96,21.0,1.37,163.08,10.59,11.11,9.38,0.61,33.85,8.53,1.46,0.09,0.92,0.06,0.0,0.0,0.0,0.0,0.0,0.0,0.0,0.0,0.0,14.85,0.96,21.0,1.37,9.38,0.61,0.0,0.0,0.0,1.0,23.23,1.53,0.8,2.04,1.83,13.23,0.69,0.92,0.0,0.0,0.0,0.0,1.19,30.65,2.01,1.38,2.36,2.41,13.92,0.69,0.23,0.0,0.0,0.0,0.0,1.96,38.08,2.49,2.08,2.75,2.96,13.92,0.69,0.23,0.0,0.0,0.0,0.0,2.16,3,2.07,35.27,56.0
Josh Hill,FA,TE,0.0,14.62,11.08,0.71,16.15,1.03,132.0,8.34,10.39,6.92,0.44,27.69,6.32,0.0,0.0,3.69,0.23,0.23,0.02,-1.85,-0.13,-1.85,0.0,0.0,0.0,0.0,11.31,0.72,16.38,1.05,6.92,0.44,0.0,0.0,0.0,0.97,35.17,2.22,0.28,3.42,2.24,10.92,0.92,1.38,0.69,0.69,0.1,0.05,1.31,40.71,2.57,0.59,3.71,2.63,10.92,1.62,0.69,0.69,0.69,0.1,0.05,1.81,46.25,2.92,0.93,4.02,3.03,11.85,1.38,0.0,1.38,0.0,0.1,0.0,1.83,3,2.07,35.26,57.0
Gary Barnidge,FA,TE,0.0,13.92,12.46,0.91,21.92,1.62,143.31,10.52,11.56,7.85,0.58,30.46,7.28,0.85,0.06,0.54,0.03,0.0,0.0,0.0,0.0,0.0,0.0,0.0,0.0,0.0,12.46,0.91,21.92,1.62,7.85,0.58,0.0,0.0,0.0,1.0,17.56,1.25,0.47,1.95,1.53,12.0,1.62,0.0,0.31,0.0,0.02,0.0,0.99,23.79,1.71,0.93,2.4,2.04,12.69,0.92,0.08,0.23,0.0,0.02,0.0,1.66,30.02,2.16,1.4,2.88,2.53,12.92,0.77,0.0,0.23,0.0,0.02,0.0,1.76,3,1.3,22.1,68.0
Ed Dickson,FA,TE,0.0,15.77,14.31,0.91,24.23,1.55,159.92,10.25,11.31,10.69,0.68,36.54,7.54,0.31,0.02,0.92,0.06,0.0,0.0,0.0,0.0,0.0,0.0,0.0,0.0,0.0,14.31,0.91,24.23,1.55,10.69,0.68,0.0,0.0,0.0,1.0,21.53,1.37,0.4,1.96,1.65,13.54,1.23,1.0,0.0,0.0,0.0,0.0,0.98,28.68,1.83,0.62,2.31,2.18,14.46,1.23,0.08,0.0,0.0,0.0,0.0,1.61,35.84,2.29,0.86,2.7,2.71,14.23,1.46,0.0,0.08,0.0,0.01,0.0,1.59,3,2.1,35.73,54.0
Logan Paulsen,FA,TE,0.0,16.0,17.38,1.08,25.46,1.59,139.31,8.71,7.3,5.23,0.32,21.08,5.44,0.38,0.02,1.46,0.09,0.0,0.0,0.0,0.0,0.0,0.0,0.0,0.0,0.0,17.38,1.08,25.46,1.59,5.23,0.32,1.15,0.07,0.07,1.0,20.39,1.28,0.33,2.26,1.44,14.08,0.62,1.08,0.23,0.0,0.02,0.0,0.89,29.08,1.82,0.86,2.55,2.08,14.08,0.54,1.15,0.23,0.0,0.02,0.0,1.52,37.78,2.36,1.36,2.92,2.7,14.0,1.38,0.38,0.23,0.0,0.02,0.0,1.8,3,2.02,34.42,60.0
Zach Miller,FA,TE,0.0,13.08,14.69,1.06,21.85,1.4,172.38,12.91,12.28,7.62,0.54,32.77,8.68,2.08,0.25,1.38,0.05,0.0,0.0,0.0,0.0,0.0,0.0,0.0,0.0,0.0,14.69,1.06,21.85,1.4,7.62,0.54,0.08,0.0,0.0,0.85,25.39,1.58,0.42,2.33,1.82,10.62,1.08,0.46,0.46,0.46,0.04,0.02,0.96,32.74,2.11,0.76,2.93,2.37,11.62,0.31,0.31,0.62,0.23,0.03,0.01,1.51,40.08,2.63,1.11,3.56,2.92,11.54,0.38,0.46,0.46,0.23,0.03,0.01,1.53,3,2.03,34.48,59.0
Jack Doyle,FA,TE,0.0,15.75,14.75,0.92,18.25,1.15,93.25,5.85,5.87,5.75,0.36,17.0,4.32,0.75,0.05,1.5,0.09,0.0,0.0,0.0,0.0,0.0,0.0,0.0,0.0,0.0,14.75,0.92,18.25,1.15,5.75,0.36,0.0,0.0,0.0,1.0,18.32,1.15,0.56,1.97,1.33,14.25,0.0,0.75,0.75,0.0,0.05,0.0,0.94,25.7,1.61,0.94,2.38,1.85,14.25,0.0,0.75,0.75,0.0,0.05,0.0,1.48,33.07,2.07,1.31,2.83,2.37,14.25,0.0,0.75,0.75,0.0,0.05,0.0,1.66,2,2.01,34.17,61.0
Gavin Escobar,FA,TE,0.0,16.0,9.0,0.56,13.5,0.84,112.25,7.02,12.48,7.0,0.44,25.75,5.08,2.25,0.14,3.5,0.22,0.0,0.0,0.0,0.0,0.0,0.0,0.0,0.0,0.0,9.0,0.56,13.5,0.84,7.0,0.44,0.0,0.0,0.0,1.0,32.22,2.02,0.06,4.32,2.0,13.25,0.0,2.0,0.0,0.75,0.05,0.05,1.05,36.72,2.3,0.12,4.63,2.32,13.25,1.5,0.5,0.0,0.75,0.05,0.05,1.42,41.22,2.58,0.19,4.96,2.64,13.25,2.0,0.0,0.0,0.75,0.05,0.05,1.36,2,2.34,39.72,50.0
Logan Thomas,FA,TE,0.0,2.0,0.0,0.0,0.0,0.0,0.0,0.0,0.0,0.0,0.0,0.0,0.0,0.0,0.0,0.0,0.0,0.0,0.0,0.0,0.0,0.0,0.0,0.0,0.0,0.0,0.0,0.0,0.0,0.0,0.0,0.0,0.0,0.0,0.0,0.44,7.2,3.6,3.6,5.09,3.43,1.0,0.0,1.0,0.0,0.0,0.0,0.0,1.24,7.2,3.6,3.6,5.09,3.54,1.0,1.0,0.0,0.0,0.0,0.0,0.0,1.26,7.2,3.6,3.6,5.09,3.66,1.0,1.0,0.0,0.0,0.0,0.0,0.0,1.28,1,0.0,0.0,105.5
Garrett Celek,FA,TE,0.0,5.85,2.15,0.53,2.85,0.58,49.38,13.27,23.71,1.77,0.49,31.08,13.23,0.69,0.23,0.0,0.0,0.0,0.0,0.0,0.0,0.0,0.0,0.0,0.0,0.0,2.15,0.53,2.85,0.58,1.77,0.49,0.0,0.0,0.0,0.7,4.94,1.33,1.52,1.39,1.71,5.85,0.0,0.0,0.0,0.0,0.0,0.0,0.78,6.02,1.59,1.87,1.65,2.03,5.85,0.0,0.0,0.0,0.0,0.0,0.0,1.19,7.09,1.85,2.22,1.9,2.36,5.85,0.0,0.0,0.0,0.0,0.0,0.0,1.1,3,0.0,0.0,105.5
Derek Carrier,FA,TE,0.0,9.5,6.75,0.62,10.5,0.95,78.75,7.16,8.75,3.0,0.27,17.25,5.45,1.5,0.13,0.0,0.0,0.75,0.07,1.5,0.13,1.5,0.75,0.07,0.0,0.0,7.5,0.68,11.25,1.02,3.75,0.34,0.0,0.0,0.0,0.93,8.02,0.73,0.45,0.98,0.98,8.75,0.75,0.0,0.0,0.0,0.0,0.0,0.68,11.4,1.03,0.82,1.32,1.33,9.5,0.0,0.0,0.0,0.0,0.0,0.0,1.13,14.77,1.34,1.2,1.67,1.68,9.5,0.0,0.0,0.0,0.0,0.0,0.0,1.25,2,0.0,0.0,105.5
Crockett Gillmore,FA,TE,0.0,15.0,10.0,0.67,15.0,1.0,121.0,8.07,12.1,8.0,0.53,22.0,5.93,2.0,0.13,1.0,0.07,0.0,0.0,0.0,0.0,0.0,0.0,0.0,0.0,0.0,10.0,0.67,15.0,1.0,8.0,0.53,0.0,0.0,0.0,1.0,18.1,1.21,0.0,1.78,1.49,14.0,1.0,0.0,0.0,0.0,0.0,0.0,0.7,23.1,1.54,0.0,2.07,1.9,14.0,1.0,0.0,0.0,0.0,0.0,0.0,1.13,28.1,1.87,0.0,2.4,2.3,15.0,0.0,0.0,0.0,0.0,0.0,0.0,1.02,1,2.18,37.09,53.0
Ryan Griffin,FA,TE,0.0,15.75,12.25,0.78,19.0,1.22,129.25,8.34,10.03,7.25,0.46,28.75,5.78,1.0,0.06,1.0,0.06,0.0,0.0,0.0,0.0,0.0,0.0,0.0,0.0,0.0,12.25,0.78,19.0,1.22,7.25,0.46,0.0,0.0,0.0,1.0,18.92,1.21,0.0,2.01,1.44,14.0,0.75,1.0,0.0,0.0,0.0,0.0,0.7,25.05,1.61,0.0,2.4,1.89,14.25,1.0,0.5,0.0,0.0,0.0,0.0,1.11,31.18,2.0,0.0,2.87,2.32,14.5,0.75,0.5,0.0,0.0,0.0,0.0,1.04,2,2.03,34.51,58.0
Dante Rosario,FA,TE,0.0,15.54,12.08,0.77,17.54,1.12,90.62,5.78,8.75,2.77,0.18,19.62,4.75,0.69,0.04,0.23,0.02,0.0,0.0,0.0,0.0,0.0,0.0,0.0,0.0,0.0,12.08,0.77,17.54,1.12,2.77,0.18,0.77,0.05,0.05,1.0,10.29,0.67,0.35,1.21,0.91,15.46,0.0,0.0,0.0,0.08,0.01,0.01,0.63,16.33,1.06,0.69,1.46,1.41,15.46,0.0,0.0,0.0,0.08,0.01,0.01,1.06,22.37,1.44,1.07,1.75,1.9,15.46,0.0,0.0,0.0,0.08,0.01,0.01,1.32,3,1.55,26.4,66.0
Chris Gragg,FA,TE,0.0,9.75,6.5,0.66,9.25,0.94,49.25,5.07,7.79,4.0,0.41,17.5,3.88,0.25,0.03,1.0,0.1,0.0,0.0,0.0,0.0,0.0,0.0,0.0,0.0,0.0,6.5,0.66,9.25,0.94,4.0,0.41,0.0,0.0,0.0,0.95,10.93,1.12,0.08,2.16,1.33,8.75,0.0,1.0,0.0,0.0,0.0,0.0,0.62,14.18,1.46,0.26,2.49,1.72,8.75,0.75,0.25,0.0,0.0,0.0,0.0,1.06,17.42,1.79,0.45,2.86,2.12,9.5,0.0,0.25,0.0,0.0,0.0,0.0,1.08,2,0.0,0.0,105.5
Cory Harkey,FA,TE,0.0,14.92,8.62,0.56,11.92,0.79,65.77,4.44,8.38,5.15,0.34,23.31,3.93,0.77,0.06,1.15,0.07,0.0,0.0,0.0,0.0,0.0,0.0,0.0,0.0,0.0,8.62,0.56,11.92,0.79,5.15,0.34,0.0,0.0,0.0,0.98,14.88,0.97,0.14,1.94,1.17,13.77,0.23,0.69,0.23,0.0,0.02,0.0,0.62,19.19,1.25,0.25,2.23,1.51,13.77,0.23,0.92,0.0,0.0,0.0,0.0,0.94,23.5,1.53,0.37,2.54,1.84,14.0,0.0,0.92,0.0,0.0,0.0,0.0,0.95,3,0.0,0.0,105.5
James Casey,FA,TE,0.0,15.77,5.38,0.34,6.85,0.44,73.38,4.62,16.75,4.15,0.26,23.08,4.0,0.77,0.05,1.62,0.1,0.08,0.0,0.46,0.03,0.46,0.08,0.0,0.0,0.0,5.46,0.35,6.92,0.44,4.23,0.27,0.0,0.0,0.0,1.0,17.08,1.07,0.17,2.22,1.21,14.0,0.15,0.77,0.85,0.0,0.06,0.0,0.68,19.77,1.24,0.26,2.43,1.42,14.0,0.23,1.46,0.08,0.0,0.01,0.0,0.86,22.46,1.41,0.34,2.65,1.63,14.08,0.85,0.77,0.08,0.0,0.01,0.0,0.84,3,0.0,0.0,105.5
Virgil Green,FA,TE,0.0,13.62,6.62,0.48,7.38,0.53,66.46,4.99,10.66,4.69,0.35,30.77,4.34,0.08,0.01,0.69,0.06,1.38,0.1,2.08,0.16,1.04,0.0,0.0,0.0,0.0,8.0,0.59,8.77,0.64,4.69,0.35,0.0,0.0,0.0,1.0,11.01,0.83,0.02,2.21,0.97,12.92,0.0,0.0,0.69,0.0,0.06,0.0,0.54,14.32,1.07,0.08,2.6,1.26,12.92,0.0,0.0,0.69,0.0,0.06,0.0,0.85,17.62,1.32,0.14,2.99,1.54,12.92,0.0,0.0,0.69,0.0,0.06,0.0,0.81,3,0.0,0.0,105.5
Brian Leonhardt,FA,TE,0.0,12.0,6.0,0.5,8.0,0.67,35.0,2.92,5.83,2.0,0.17,12.0,2.92,0.0,0.0,1.0,0.08,0.0,0.0,0.0,0.0,0.0,0.0,0.0,0.0,0.0,6.0,0.5,8.0,0.67,2.0,0.17,0.0,0.0,0.0,1.0,9.5,0.79,0.2,1.78,0.98,11.0,0.0,1.0,0.0,0.0,0.0,0.0,0.54,12.5,1.04,0.45,1.91,1.31,11.0,1.0,0.0,0.0,0.0,0.0,0.0,0.85,15.5,1.29,0.7,2.07,1.65,11.0,1.0,0.0,0.0,0.0,0.0,0.0,1.0,1,0.0,0.0,105.5
MarQueis Gray,FA,TE,0.0,12.75,7.25,0.56,10.5,0.82,102.5,7.9,12.17,3.25,0.25,32.0,4.95,0.0,0.0,0.0,0.0,1.5,0.12,10.75,0.9,1.79,0.75,0.06,0.0,0.0,8.75,0.68,12.0,0.95,4.0,0.32,0.0,0.0,0.0,1.0,11.32,0.88,0.01,1.72,1.09,12.0,0.0,0.75,0.0,0.0,0.0,0.0,0.54,14.95,1.16,0.01,2.02,1.42,12.0,0.0,0.75,0.0,0.0,0.0,0.0,0.82,18.58,1.44,0.01,2.36,1.75,12.0,0.0,0.75,0.0,0.0,0.0,0.0,0.8,2,0.0,0.0,105.5
Darren Fells,FA,TE,0.0,10.0,5.0,0.5,11.0,1.1,71.0,7.1,14.2,4.0,0.4,24.0,4.5,1.0,0.1,0.0,0.0,0.0,0.0,0.0,0.0,0.0,0.0,0.0,0.0,0.0,5.0,0.5,11.0,1.1,4.0,0.4,0.0,0.0,0.0,0.96,7.1,0.71,0.0,1.39,0.94,10.0,0.0,0.0,0.0,0.0,0.0,0.0,0.47,9.6,0.96,0.0,1.79,1.23,10.0,0.0,0.0,0.0,0.0,0.0,0.0,0.78,12.1,1.21,0.0,2.21,1.52,10.0,0.0,0.0,0.0,0.0,0.0,0.0,0.69,1,0.0,0.0,105.5
Chase Coffman,FA,TE,0.0,11.92,4.23,0.33,10.23,0.8,45.23,3.59,8.31,2.85,0.23,13.38,2.37,0.0,0.0,0.69,0.06,0.0,0.0,0.0,0.0,0.0,0.0,0.0,0.0,0.0,4.23,0.33,10.23,0.8,2.85,0.23,0.0,0.0,0.0,0.98,8.68,0.68,0.0,1.81,0.78,11.23,0.0,0.0,0.69,0.0,0.06,0.0,0.46,10.79,0.84,0.0,2.14,0.96,11.23,0.0,0.0,0.69,0.0,0.06,0.0,0.66,12.91,1.02,0.0,2.46,1.15,11.23,0.0,0.0,0.69,0.0,0.06,0.0,0.62,3,0.0,0.0,105.5
Michael Hoomanawanui,FA,TE,0.0,15.15,5.23,0.37,9.08,0.64,70.23,4.92,14.45,3.31,0.23,23.46,3.9,0.69,0.04,0.23,0.02,0.0,0.0,0.0,0.0,0.0,0.0,0.0,0.0,0.0,5.23,0.37,9.08,0.64,3.31,0.23,0.0,0.0,0.0,1.0,8.41,0.6,0.05,1.14,0.78,14.62,0.31,0.23,0.0,0.0,0.0,0.0,0.39,11.02,0.78,0.16,1.38,1.01,14.69,0.46,0.0,0.0,0.0,0.0,0.0,0.65,13.64,0.97,0.28,1.64,1.23,14.69,0.46,0.0,0.0,0.0,0.0,0.0,0.67,3,0.0,0.0,105.5
Taylor Thompson,FA,TE,0.0,7.0,2.54,0.54,5.38,1.08,23.15,5.95,9.9,1.85,0.49,12.0,3.37,0.0,0.0,0.23,0.01,0.0,0.0,0.0,0.0,0.0,0.0,0.0,0.0,0.0,2.54,0.54,5.38,1.08,1.85,0.49,0.0,0.0,0.0,0.7,3.7,0.68,0.0,1.4,0.9,6.77,0.0,0.23,0.0,0.0,0.0,0.0,0.3,4.97,0.95,0.0,1.85,1.2,6.77,0.23,0.0,0.0,0.0,0.0,0.0,0.62,6.24,1.22,0.0,2.31,1.5,7.0,0.0,0.0,0.0,0.0,0.0,0.0,0.45,3,0.0,0.0,105.5
Lee Smith,FA,TE,0.0,14.62,6.31,0.44,7.92,0.54,48.08,3.27,8.0,3.23,0.22,19.31,3.22,0.46,0.03,0.85,0.06,0.0,0.0,0.0,0.0,0.0,0.0,0.0,0.0,0.0,6.31,0.44,7.92,0.54,3.23,0.22,0.0,0.0,0.0,1.0,9.88,0.68,0.0,1.59,0.87,13.77,0.08,0.77,0.0,0.0,0.0,0.0,0.4,13.04,0.9,0.0,1.84,1.14,13.77,0.85,0.0,0.0,0.0,0.0,0.0,0.62,16.19,1.12,0.0,2.11,1.41,13.92,0.69,0.0,0.0,0.0,0.0,0.0,0.62,3,0.0,0.0,105.5
Matt Spaeth,FA,TE,0.0,12.54,2.77,0.23,4.0,0.35,36.54,2.89,13.51,1.77,0.16,26.38,2.8,0.0,0.0,1.0,0.11,0.0,0.0,0.0,0.0,0.0,0.0,0.0,0.0,0.0,2.77,0.23,4.0,0.35,1.77,0.16,0.0,0.0,0.0,0.92,11.04,1.03,0.0,2.97,1.12,11.54,0.0,0.31,0.69,0.0,0.05,0.0,0.48,12.42,1.15,0.0,3.15,1.26,11.54,0.31,0.0,0.69,0.0,0.05,0.0,0.62,13.81,1.26,0.0,3.34,1.42,11.54,0.31,0.0,0.69,0.0,0.05,0.0,0.59,3,0.0,0.0,105.5
Brandon Bostick,FA,TE,0.0,12.5,3.25,0.27,6.5,0.55,32.25,2.9,5.41,2.0,0.17,8.0,2.24,1.0,0.09,1.0,0.08,0.0,0.0,0.0,0.0,0.0,0.0,0.0,0.0,0.0,3.25,0.27,6.5,0.55,2.0,0.17,0.0,0.0,0.0,1.0,9.22,0.77,0.0,2.04,0.9,11.5,0.0,0.75,0.25,0.0,0.03,0.0,0.44,10.85,0.91,0.0,2.26,1.06,11.5,0.75,0.0,0.25,0.0,0.03,0.0,0.6,12.48,1.05,0.0,2.49,1.23,12.25,0.0,0.0,0.25,0.0,0.03,0.0,0.58,2,0.0,0.0,105.5
Vance McDonald,FA,TE,0.0,9.75,3.5,0.32,10.75,1.07,52.25,4.8,14.97,2.0,0.17,22.0,4.8,1.5,0.14,0.0,0.0,0.0,0.0,0.0,0.0,0.0,0.0,0.0,0.0,0.0,3.5,0.32,10.75,1.07,2.0,0.17,0.75,0.09,0.38,0.91,3.72,0.29,0.15,0.47,0.47,9.75,0.0,0.0,0.0,0.0,0.0,0.0,0.34,5.48,0.45,0.28,0.67,0.71,9.75,0.0,0.0,0.0,0.0,0.0,0.0,0.57,7.22,0.62,0.4,0.9,0.93,9.75,0.0,0.0,0.0,0.0,0.0,0.0,0.61,2,0.0,0.0,105.5
Troy Niklas,FA,TE,0.0,7.0,3.0,0.43,3.0,0.43,38.0,5.43,12.67,2.0,0.29,17.0,5.43,0.0,0.0,0.0,0.0,0.0,0.0,0.0,0.0,0.0,0.0,0.0,0.0,0.0,3.0,0.43,3.0,0.43,2.0,0.29,0.0,0.0,0.0,0.84,3.8,0.54,0.0,0.78,0.83,7.0,0.0,0.0,0.0,0.0,0.0,0.0,0.31,5.3,0.76,0.0,1.02,1.11,7.0,0.0,0.0,0.0,0.0,0.0,0.0,0.55,6.8,0.97,0.0,1.27,1.4,7.0,0.0,0.0,0.0,0.0,0.0,0.0,0.5,1,0.0,0.0,105.5
Craig Stevens,FA,TE,0.0,8.08,3.62,0.42,5.31,0.54,40.31,5.09,10.5,2.0,0.23,18.77,3.96,0.77,0.14,0.08,0.01,0.0,0.0,0.0,0.0,0.0,0.0,0.0,0.0,0.0,3.62,0.42,5.31,0.54,2.0,0.23,0.0,0.0,0.0,0.81,4.49,0.54,0.12,1.02,0.71,7.85,0.08,0.08,0.08,0.0,0.01,0.0,0.33,6.3,0.75,0.18,1.4,0.97,7.92,0.0,0.15,0.0,0.0,0.0,0.0,0.54,8.11,0.97,0.22,1.78,1.21,7.92,0.0,0.15,0.0,0.0,0.0,0.0,0.53,3,0.0,0.0,105.5
Zach Sudfeld,FA,TE,0.0,15.5,5.0,0.32,7.75,0.51,79.5,5.11,15.9,3.25,0.22,34.75,4.36,1.25,0.08,0.0,0.0,0.0,0.0,0.0,0.0,0.0,0.0,0.0,0.0,0.0,5.0,0.32,7.75,0.51,3.25,0.22,0.0,0.0,0.0,1.0,7.95,0.51,0.0,1.21,0.7,14.75,0.75,0.0,0.0,0.0,0.0,0.0,0.33,10.45,0.68,0.0,1.5,0.9,15.5,0.0,0.0,0.0,0.0,0.0,0.0,0.52,12.95,0.83,0.0,1.81,1.1,15.5,0.0,0.0,0.0,0.0,0.0,0.0,0.49,2,0.0,0.0,105.5
Marcel Jensen,FA,TE,0.0,1.0,1.0,1.0,1.0,1.0,8.0,8.0,8.0,1.0,1.0,8.0,8.0,0.0,0.0,0.0,0.0,0.0,0.0,0.0,0.0,0.0,0.0,0.0,0.0,0.0,1.0,1.0,1.0,1.0,1.0,1.0,0.0,0.0,0.0,0.28,0.8,0.8,0.8,0.0,0.0,1.0,0.0,0.0,0.0,0.0,0.0,0.0,0.0,1.3,1.3,1.3,0.0,0.0,1.0,0.0,0.0,0.0,0.0,0.0,0.0,0.5,1.8,1.8,1.8,0.0,0.0,1.0,0.0,0.0,0.0,0.0,0.0,0.0,0.0,1,0.0,0.0,105.5
Luke Stocker,FA,TE,0.0,10.69,6.08,0.45,9.77,0.72,41.08,2.97,4.85,2.0,0.14,10.15,2.33,0.08,0.0,0.08,0.0,0.0,0.0,0.0,0.0,0.0,0.0,0.0,0.0,0.0,6.08,0.45,9.77,0.72,2.0,0.14,0.0,0.0,0.0,0.87,4.57,0.33,0.04,0.48,0.51,10.54,0.08,0.08,0.0,0.0,0.0,0.0,0.29,7.61,0.55,0.08,0.76,0.8,10.54,0.15,0.0,0.0,0.0,0.0,0.0,0.49,10.65,0.77,0.12,1.06,1.08,10.62,0.08,0.0,0.0,0.0,0.0,0.0,0.55,3,0.0,0.0,105.5
Bear Pascoe,FA,TE,0.0,15.92,4.46,0.28,6.69,0.42,23.46,1.48,3.27,1.54,0.1,5.85,1.36,0.0,0.0,0.77,0.05,0.23,0.01,0.46,0.03,0.46,0.0,0.0,0.0,0.0,4.69,0.29,6.92,0.43,1.54,0.1,0.0,0.0,0.0,1.0,7.01,0.44,0.07,1.32,0.61,15.15,0.0,0.77,0.0,0.0,0.0,0.0,0.32,9.24,0.58,0.18,1.5,0.8,15.15,0.77,0.0,0.0,0.0,0.0,0.0,0.48,11.47,0.72,0.3,1.69,0.99,15.92,0.0,0.0,0.0,0.0,0.0,0.0,0.56,3,0.0,0.0,105.5
James Hanna,FA,TE,0.0,16.0,6.15,0.38,8.46,0.53,56.69,3.54,10.54,2.85,0.18,25.77,3.16,1.0,0.06,0.0,0.0,0.0,0.0,0.0,0.0,0.0,0.0,0.0,0.0,0.0,6.15,0.38,8.46,0.53,2.85,0.18,0.0,0.0,0.0,1.0,5.67,0.36,0.0,0.76,0.54,16.0,0.0,0.0,0.0,0.0,0.0,0.0,0.27,8.75,0.55,0.0,1.04,0.8,16.0,0.0,0.0,0.0,0.0,0.0,0.0,0.46,11.82,0.74,0.0,1.35,1.03,16.0,0.0,0.0,0.0,0.0,0.0,0.0,0.47,3,0.0,0.0,105.5
Kevin Brock,FA,TE,0.0,11.5,4.5,0.46,6.0,0.7,24.75,3.38,6.15,1.75,0.17,13.75,2.98,0.25,0.06,0.0,0.0,0.0,0.0,0.0,0.0,0.0,0.0,0.0,0.0,0.0,4.5,0.46,6.0,0.7,1.75,0.17,0.0,0.0,0.0,0.91,2.48,0.34,0.11,0.69,0.5,11.5,0.0,0.0,0.0,0.0,0.0,0.0,0.24,4.72,0.57,0.17,1.01,0.8,11.5,0.0,0.0,0.0,0.0,0.0,0.0,0.45,6.97,0.8,0.24,1.35,1.09,11.5,0.0,0.0,0.0,0.0,0.0,0.0,0.48,2,0.0,0.0,105.5
Nic Jacobs,FA,TE,0.0,13.0,2.0,0.15,3.0,0.23,16.0,1.23,8.0,2.0,0.15,14.0,1.23,0.0,0.0,1.0,0.08,0.0,0.0,0.0,0.0,0.0,0.0,0.0,0.0,0.0,2.0,0.15,3.0,0.23,2.0,0.15,0.0,0.0,0.0,1.0,7.6,0.58,0.0,1.73,0.73,12.0,0.0,1.0,0.0,0.0,0.0,0.0,0.31,8.6,0.66,0.0,1.89,0.83,12.0,1.0,0.0,0.0,0.0,0.0,0.0,0.43,9.6,0.74,0.0,2.05,0.94,12.0,1.0,0.0,0.0,0.0,0.0,0.0,0.4,1,0.0,0.0,105.5
C.J. Fiedorowicz,FA,TE,0.0,15.0,4.0,0.27,7.0,0.47,28.0,1.87,7.0,1.0,0.07,9.0,1.53,0.0,0.0,1.0,0.07,0.0,0.0,0.0,0.0,0.0,0.0,0.0,0.0,0.0,4.0,0.27,7.0,0.47,1.0,0.07,0.0,0.0,0.0,1.0,8.8,0.59,0.0,1.85,0.72,14.0,0.0,1.0,0.0,0.0,0.0,0.0,0.33,10.8,0.72,0.0,2.12,0.88,14.0,0.0,1.0,0.0,0.0,0.0,0.0,0.43,12.8,0.85,0.0,2.39,1.05,14.0,0.0,1.0,0.0,0.0,0.0,0.0,0.47,1,0.0,0.0,105.5
Ryan Hewitt,FA,TE,0.0,16.0,10.0,0.62,15.0,0.94,86.0,5.38,8.6,3.0,0.19,19.0,3.44,0.0,0.0,0.0,0.0,1.0,0.06,0.0,0.0,0.0,0.0,0.0,0.0,0.0,11.0,0.69,16.0,1.0,3.0,0.19,0.0,0.0,0.0,1.0,0.0,0.0,0.0,0.0,0.0,16.0,0.0,0.0,0.0,0.0,0.0,0.0,0.1,5.0,0.31,0.0,0.51,0.55,16.0,0.0,0.0,0.0,0.0,0.0,0.0,0.41,10.0,0.62,0.0,1.02,0.95,16.0,0.0,0.0,0.0,0.0,0.0,0.0,0.48,1,2.0,33.96,62.0
David Johnson,FA,TE,0.0,11.75,1.75,0.25,2.25,0.35,20.5,3.72,7.38,0.75,0.15,11.0,2.77,0.0,0.0,0.0,0.0,0.0,0.0,0.0,0.0,0.0,0.0,0.0,0.0,0.0,1.75,0.25,2.25,0.35,0.75,0.15,0.0,0.0,0.0,0.93,2.05,0.37,0.2,0.61,0.47,11.5,0.25,0.0,0.0,0.0,0.0,0.0,0.23,2.92,0.5,0.32,0.81,0.63,11.75,0.0,0.0,0.0,0.0,0.0,0.0,0.39,3.8,0.63,0.45,1.01,0.79,11.75,0.0,0.0,0.0,0.0,0.0,0.0,0.4,2,0.0,0.0,105.5
Adrien Robinson,FA,TE,0.0,11.46,3.46,0.21,4.85,0.3,34.62,2.16,6.92,2.08,0.13,20.08,2.16,0.69,0.04,0.69,0.04,0.0,0.0,0.0,0.0,0.0,0.0,0.0,0.0,0.0,3.46,0.21,4.85,0.3,2.08,0.13,0.0,0.0,0.0,0.79,7.62,0.48,0.0,1.14,0.6,10.77,0.69,0.0,0.0,0.0,0.0,0.0,0.27,9.35,0.58,0.0,1.25,0.75,10.77,0.69,0.0,0.0,0.0,0.0,0.0,0.39,11.08,0.69,0.0,1.38,0.89,11.46,0.0,0.0,0.0,0.0,0.0,0.0,0.39,3,0.0,0.0,105.5
Demetrius Harris,FA,TE,0.0,8.0,3.0,0.38,5.0,0.62,20.0,2.5,6.67,1.0,0.12,10.0,2.5,0.0,0.0,0.0,0.0,0.0,0.0,0.0,0.0,0.0,0.0,0.0,0.0,0.0,3.0,0.38,5.0,0.62,1.0,0.12,0.0,0.0,0.0,0.88,2.0,0.25,0.0,0.38,0.45,8.0,0.0,0.0,0.0,0.0,0.0,0.0,0.22,3.5,0.44,0.0,0.63,0.73,8.0,0.0,0.0,0.0,0.0,0.0,0.0,0.38,5.0,0.62,0.0,0.88,0.99,8.0,0.0,0.0,0.0,0.0,0.0,0.0,0.4,1,0.0,0.0,105.5
David Ausberry,FA,TE,0.0,7.0,2.5,0.34,4.8,0.68,21.8,2.67,7.61,1.4,0.18,9.4,1.66,0.1,0.01,0.0,0.0,0.0,0.0,0.0,0.0,0.0,0.0,0.0,0.0,0.0,2.5,0.34,4.8,0.68,1.4,0.18,0.0,0.0,0.0,0.8,2.18,0.26,0.0,0.6,0.43,7.0,0.0,0.0,0.0,0.0,0.0,0.0,0.19,3.43,0.44,0.0,1.0,0.64,7.0,0.0,0.0,0.0,0.0,0.0,0.0,0.36,4.68,0.61,0.0,1.4,0.86,7.0,0.0,0.0,0.0,0.0,0.0,0.0,0.33,3,0.0,0.0,105.5
Brandon Williams,FA,TE,0.0,12.75,3.0,0.22,6.0,0.43,33.0,2.36,8.25,3.0,0.22,12.0,1.82,0.0,0.0,0.0,0.0,0.0,0.0,0.0,0.0,0.0,0.0,0.0,0.0,0.0,3.0,0.22,6.0,0.43,3.0,0.22,0.0,0.0,0.0,0.98,3.3,0.23,0.0,0.52,0.37,12.75,0.0,0.0,0.0,0.0,0.0,0.0,0.19,4.8,0.34,0.0,0.75,0.51,12.75,0.0,0.0,0.0,0.0,0.0,0.0,0.35,6.3,0.45,0.0,0.98,0.64,12.75,0.0,0.0,0.0,0.0,0.0,0.0,0.3,2,0.0,0.0,105.5
Kellen Davis,FA,TE,0.0,8.85,2.15,0.14,6.38,0.62,25.0,1.59,3.39,1.31,0.08,7.23,1.06,0.46,0.03,0.38,0.03,0.0,0.0,0.0,0.0,0.0,0.0,0.0,0.0,0.0,2.15,0.14,6.38,0.62,1.31,0.08,0.08,0.0,0.0,0.85,4.65,0.3,0.13,0.61,0.35,8.38,0.23,0.15,0.08,0.0,0.01,0.0,0.25,5.73,0.37,0.19,0.68,0.43,8.62,0.15,0.08,0.0,0.0,0.0,0.0,0.35,6.81,0.44,0.25,0.76,0.52,8.62,0.23,0.0,0.0,0.0,0.0,0.0,0.36,3,0.0,0.0,105.5
Harold Hoskins,FA,TE,0.0,11.0,3.0,0.27,4.0,0.36,21.0,1.91,7.0,2.0,0.18,14.0,1.91,0.0,0.0,0.0,0.0,0.0,0.0,0.0,0.0,0.0,0.0,0.0,0.0,0.0,3.0,0.27,4.0,0.36,2.0,0.18,0.0,0.0,0.0,1.0,2.1,0.19,0.0,0.45,0.33,11.0,0.0,0.0,0.0,0.0,0.0,0.0,0.17,3.6,0.33,0.0,0.64,0.54,11.0,0.0,0.0,0.0,0.0,0.0,0.0,0.34,5.1,0.46,0.0,0.85,0.74,11.0,0.0,0.0,0.0,0.0,0.0,0.0,0.33,1,0.0,0.0,105.5
Weslye Saunders,FA,TE,0.0,2.92,1.08,0.17,2.85,0.45,11.77,1.87,3.23,0.77,0.12,5.0,1.87,0.0,0.0,0.0,0.0,0.0,0.0,0.0,0.0,0.0,0.0,0.0,0.0,0.0,1.08,0.17,2.85,0.45,0.77,0.12,0.0,0.0,0.0,0.45,1.18,0.19,0.2,0.19,0.3,2.92,0.0,0.0,0.0,0.0,0.0,0.0,0.19,1.72,0.27,0.31,0.26,0.41,2.92,0.0,0.0,0.0,0.0,0.0,0.0,0.33,2.25,0.35,0.43,0.33,0.53,2.92,0.0,0.0,0.0,0.0,0.0,0.0,0.34,3,0.0,0.0,105.5
Cameron Brate,FA,TE,0.0,5.0,1.0,0.2,1.0,0.2,17.0,3.4,17.0,1.0,0.2,17.0,3.4,0.0,0.0,0.0,0.0,0.0,0.0,0.0,0.0,0.0,0.0,0.0,0.0,0.0,1.0,0.2,1.0,0.2,1.0,0.2,0.0,0.0,0.0,0.72,1.7,0.34,0.0,0.76,0.52,5.0,0.0,0.0,0.0,0.0,0.0,0.0,0.16,2.2,0.44,0.0,0.98,0.65,5.0,0.0,0.0,0.0,0.0,0.0,0.0,0.3,2.7,0.54,0.0,1.21,0.79,5.0,0.0,0.0,0.0,0.0,0.0,0.0,0.24,1,0.0,0.0,105.5
John Phillips,FA,TE,0.0,15.77,2.23,0.14,2.85,0.18,11.85,0.77,2.95,1.15,0.07,5.15,0.7,0.0,0.0,0.77,0.05,0.0,0.0,0.0,0.0,0.0,0.0,0.0,0.0,0.0,2.23,0.14,2.85,0.18,1.15,0.07,0.0,0.0,0.0,1.0,5.8,0.36,0.0,1.29,0.49,15.0,0.0,0.77,0.0,0.0,0.0,0.0,0.21,6.92,0.43,0.0,1.46,0.59,15.0,0.69,0.08,0.0,0.0,0.0,0.0,0.29,8.03,0.51,0.0,1.63,0.69,15.69,0.0,0.08,0.0,0.0,0.0,0.0,0.29,3,0.0,0.0,105.5
Phillip Supernaw,FA,TE,0.0,6.25,2.25,0.28,2.25,0.28,22.5,2.81,7.5,0.75,0.09,21.75,3.0,0.75,0.09,0.0,0.0,0.0,0.0,0.0,0.0,0.0,0.0,0.0,0.0,0.0,2.25,0.28,2.25,0.28,0.75,0.09,0.0,0.0,0.0,0.73,2.25,0.28,0.0,0.77,0.4,6.25,0.0,0.0,0.0,0.0,0.0,0.0,0.16,3.38,0.42,0.0,0.88,0.6,6.25,0.0,0.0,0.0,0.0,0.0,0.0,0.28,4.5,0.56,0.0,1.02,0.8,6.25,0.0,0.0,0.0,0.0,0.0,0.0,0.31,2,0.0,0.0,105.5
Michael Palmer,FA,TE,0.0,15.08,1.38,0.1,2.08,0.14,4.23,0.29,2.82,0.85,0.06,3.0,0.29,0.0,0.0,0.77,0.05,0.0,0.0,0.0,0.0,0.0,0.0,0.0,0.0,0.0,1.38,0.1,2.08,0.14,0.85,0.06,0.0,0.0,0.0,1.0,5.04,0.34,0.0,1.27,0.45,14.31,0.77,0.0,0.0,0.0,0.0,0.0,0.19,5.73,0.39,0.0,1.39,0.52,14.31,0.77,0.0,0.0,0.0,0.0,0.0,0.25,6.42,0.43,0.0,1.52,0.59,15.08,0.0,0.0,0.0,0.0,0.0,0.0,0.25,3,0.0,0.0,105.5
Dominique Jones,FA,TE,0.0,3.81,0.81,0.11,1.19,0.16,13.25,1.72,6.88,0.56,0.07,8.38,1.72,0.38,0.04,0.0,0.0,0.0,0.0,0.0,0.0,0.0,0.0,0.0,0.0,0.0,0.81,0.11,1.19,0.16,0.56,0.07,0.0,0.0,0.0,0.53,1.32,0.17,0.0,0.33,0.26,3.81,0.0,0.0,0.0,0.0,0.0,0.0,0.1,1.73,0.23,0.0,0.43,0.34,3.81,0.0,0.0,0.0,0.0,0.0,0.0,0.16,2.14,0.28,0.0,0.53,0.41,3.81,0.0,0.0,0.0,0.0,0.0,0.0,0.16,3,0.0,0.0,105.5
Alex Smith,FA,TE,0.0,6.0,1.69,0.13,2.77,0.2,6.38,0.47,1.2,0.38,0.03,2.92,0.38,0.0,0.0,0.23,0.01,0.0,0.0,0.0,0.0,0.0,0.0,0.0,0.0,0.0,1.69,0.13,2.77,0.2,0.38,0.03,0.0,0.0,0.0,0.61,2.02,0.13,0.0,0.42,0.18,5.77,0.23,0.0,0.0,0.0,0.0,0.0,0.09,2.87,0.2,0.04,0.49,0.26,5.77,0.23,0.0,0.0,0.0,0.0,0.0,0.15,3.72,0.26,0.08,0.56,0.34,6.0,0.0,0.0,0.0,0.0,0.0,0.0,0.19,3,0.0,0.0,105.5
Matthew Mulligan,FA,TE,0.0,7.46,1.08,0.07,1.62,0.1,10.15,0.65,2.65,0.69,0.05,4.85,0.62,0.0,0.0,0.31,0.02,0.0,0.0,0.0,0.0,0.0,0.0,0.0,0.0,0.0,1.08,0.07,1.62,0.1,0.69,0.05,0.0,0.0,0.0,0.76,2.86,0.19,0.0,0.51,0.23,7.15,0.23,0.08,0.0,0.0,0.0,0.0,0.1,3.4,0.22,0.0,0.57,0.28,7.38,0.0,0.08,0.0,0.0,0.0,0.0,0.14,3.94,0.26,0.0,0.63,0.32,7.38,0.08,0.0,0.0,0.0,0.0,0.0,0.14,3,0.0,0.0,105.5
Trey Burton,FA,TE,0.0,15.0,0.0,0.0,0.0,0.0,0.0,0.0,0.0,0.0,0.0,0.0,0.0,0.0,0.0,0.0,0.0,5.0,0.33,10.0,0.67,2.0,1.0,0.07,0.0,0.0,5.0,0.33,5.0,0.33,1.0,0.07,0.0,0.0,0.0,1.0,1.0,0.07,0.0,0.26,0.13,15.0,0.0,0.0,0.0,0.0,0.0,0.0,0.09,1.0,0.07,0.0,0.26,0.14,15.0,0.0,0.0,0.0,0.0,0.0,0.0,0.12,1.0,0.07,0.0,0.26,0.14,15.0,0.0,0.0,0.0,0.0,0.0,0.0,0.09,1,0.0,0.0,105.5
Ryan Taylor,FA,TE,0.0,13.46,1.46,0.1,2.15,0.15,7.77,0.55,2.0,0.54,0.04,2.69,0.5,0.0,0.0,0.0,0.0,0.0,0.0,0.0,0.0,0.0,0.0,0.0,0.0,0.0,1.46,0.1,2.15,0.15,0.54,0.04,0.0,0.0,0.0,1.0,0.78,0.05,0.0,0.11,0.1,13.46,0.0,0.0,0.0,0.0,0.0,0.0,0.06,1.51,0.11,0.0,0.2,0.17,13.46,0.0,0.0,0.0,0.0,0.0,0.0,0.1,2.24,0.16,0.0,0.3,0.24,13.46,0.0,0.0,0.0,0.0,0.0,0.0,0.11,3,0.0,0.0,105.5
Richard Gordon,FA,TE,0.0,4.92,0.38,0.13,1.46,0.3,1.38,0.4,1.04,0.08,0.01,1.31,0.4,0.0,0.0,0.08,0.01,0.0,0.0,0.0,0.0,0.0,0.0,0.0,0.0,0.0,0.38,0.13,1.46,0.3,0.08,0.01,0.0,0.0,0.0,0.68,0.6,0.08,0.03,0.18,0.13,4.85,0.08,0.0,0.0,0.0,0.0,0.0,0.05,0.79,0.14,0.09,0.27,0.22,4.85,0.08,0.0,0.0,0.0,0.0,0.0,0.09,0.98,0.2,0.15,0.37,0.3,4.92,0.0,0.0,0.0,0.0,0.0,0.0,0.11,3,0.0,0.0,105.5
Mickey Shuler,FA,TE,0.0,3.0,0.0,0.0,3.0,1.0,0.0,0.0,0.0,0.0,0.0,0.0,0.0,0.0,0.0,0.0,0.0,0.0,0.0,0.0,0.0,0.0,0.0,0.0,0.0,0.0,0.0,0.0,3.0,1.0,0.0,0.0,0.0,0.0,0.0,0.56,0.0,0.0,0.0,0.0,0.0,3.0,0.0,0.0,0.0,0.0,0.0,0.0,0.06,0.0,0.0,0.0,0.0,0.0,3.0,0.0,0.0,0.0,0.0,0.0,0.0,0.06,0.0,0.0,0.0,0.0,0.0,3.0,0.0,0.0,0.0,0.0,0.0,0.0,0.06,1,0.0,0.0,105.5
Steve Maneri,FA,TE,0.0,2.62,0.38,0.03,2.08,0.88,3.92,0.3,0.78,0.23,0.02,1.46,0.17,0.0,0.0,0.0,0.0,0.0,0.0,0.0,0.0,0.0,0.0,0.0,0.0,0.0,0.38,0.03,2.08,0.88,0.23,0.02,0.0,0.0,0.0,0.42,0.39,0.03,0.0,0.09,0.04,2.62,0.0,0.0,0.0,0.0,0.0,0.0,0.03,0.58,0.04,0.0,0.13,0.06,2.62,0.0,0.0,0.0,0.0,0.0,0.0,0.05,0.78,0.06,0.0,0.17,0.07,2.54,0.08,0.0,0.0,0.0,0.0,0.0,0.04,3,0.0,0.0,105.5
Gerell Robinson,FA,TE,0.0,3.0,0.0,0.0,1.0,0.33,0.0,0.0,0.0,0.0,0.0,0.0,0.0,0.0,0.0,0.0,0.0,0.0,0.0,0.0,0.0,0.0,0.0,0.0,0.0,0.0,0.0,0.0,1.0,0.33,0.0,0.0,0.0,0.0,0.0,0.56,0.0,0.0,0.0,0.0,0.0,3.0,0.0,0.0,0.0,0.0,0.0,0.0,0.02,0.0,0.0,0.0,0.0,0.0,3.0,0.0,0.0,0.0,0.0,0.0,0.0,0.02,0.0,0.0,0.0,0.0,0.0,3.0,0.0,0.0,0.0,0.0,0.0,0.0,0.02,1,0.0,0.0,105.5
Evan Rodriguez,FA,TE,0.0,3.23,0.31,0.03,0.85,0.08,1.62,0.13,0.4,0.15,0.01,0.85,0.13,0.0,0.0,0.0,0.0,0.0,0.0,0.0,0.0,0.0,0.0,0.0,0.0,0.0,0.31,0.03,0.85,0.08,0.15,0.01,0.0,0.0,0.0,0.46,0.0,0.0,0.0,0.0,0.0,3.23,0.0,0.0,0.0,0.0,0.0,0.0,0.01,0.15,0.01,0.0,0.03,0.03,3.23,0.0,0.0,0.0,0.0,0.0,0.0,0.02,0.31,0.03,0.0,0.05,0.04,3.23,0.0,0.0,0.0,0.0,0.0,0.0,0.02,3,0.0,0.0,105.5
Jordan Thompson,FA,TE,0.0,2.0,0.0,0.0,1.0,0.5,0.0,0.0,0.0,0.0,0.0,0.0,0.0,0.0,0.0,0.0,0.0,0.0,0.0,0.0,0.0,0.0,0.0,0.0,0.0,0.0,0.0,0.0,1.0,0.5,0.0,0.0,0.0,0.0,0.0,0.44,0.0,0.0,0.0,0.0,0.0,2.0,0.0,0.0,0.0,0.0,0.0,0.0,0.02,0.0,0.0,0.0,0.0,0.0,2.0,0.0,0.0,0.0,0.0,0.0,0.0,0.02,0.0,0.0,0.0,0.0,0.0,2.0,0.0,0.0,0.0,0.0,0.0,0.0,0.02,1,0.0,0.0,105.5
Richie Brockel,FA,TE,0.0,7.69,0.23,0.01,0.31,0.02,2.77,0.17,2.77,0.23,0.01,2.77,0.17,0.0,0.0,0.0,0.0,0.23,0.01,0.23,0.01,0.23,0.0,0.0,0.0,0.0,0.46,0.03,0.54,0.03,0.23,0.01,0.23,0.01,0.12,0.76,-0.16,-0.01,0.0,0.13,-0.02,7.69,0.0,0.0,0.0,0.0,0.0,0.0,-0.0,-0.05,-0.0,0.0,0.15,-0.0,7.69,0.0,0.0,0.0,0.0,0.0,0.0,0.01,0.07,0.0,0.0,0.17,0.01,7.69,0.0,0.0,0.0,0.0,0.0,0.0,0.01,3,0.0,0.0,105.5
Asante Cleveland,FA,TE,0.0,6.0,0.0,0.0,1.0,0.17,0.0,0.0,0.0,0.0,0.0,0.0,0.0,0.0,0.0,0.0,0.0,0.0,0.0,0.0,0.0,0.0,0.0,0.0,0.0,0.0,0.0,0.0,1.0,0.17,0.0,0.0,0.0,0.0,0.0,0.78,0.0,0.0,0.0,0.0,0.0,6.0,0.0,0.0,0.0,0.0,0.0,0.0,0.01,0.0,0.0,0.0,0.0,0.0,6.0,0.0,0.0,0.0,0.0,0.0,0.0,0.01,0.0,0.0,0.0,0.0,0.0,6.0,0.0,0.0,0.0,0.0,0.0,0.0,0.01,1,0.0,0.0,105.5
Anthony Denham,FA,TE,0.0,4.0,0.0,0.0,0.0,0.0,0.0,0.0,0.0,0.0,0.0,0.0,0.0,0.0,0.0,0.0,0.0,0.0,0.0,0.0,0.0,0.0,0.0,0.0,0.0,0.0,0.0,0.0,0.0,0.0,0.0,0.0,0.0,0.0,0.0,0.65,0.0,0.0,0.0,0.0,0.0,4.0,0.0,0.0,0.0,0.0,0.0,0.0,0.0,0.0,0.0,0.0,0.0,0.0,4.0,0.0,0.0,0.0,0.0,0.0,0.0,0.0,0.0,0.0,0.0,0.0,0.0,4.0,0.0,0.0,0.0,0.0,0.0,0.0,0.0,1,0.0,0.0,105.5
Andrew DePaola,MIN,TE,1.0,16.0,0.0,0.0,0.0,0.0,0.0,0.0,0.0,0.0,0.0,0.0,0.0,0.0,0.0,0.0,0.0,0.0,0.0,0.0,0.0,0.0,0.0,0.0,0.0,0.0,0.0,0.0,0.0,0.0,0.0,0.0,0.0,0.0,0.0,1.0,0.0,0.0,0.0,0.0,0.0,16.0,0.0,0.0,0.0,0.0,0.0,0.0,0.0,0.0,0.0,0.0,0.0,0.0,16.0,0.0,0.0,0.0,0.0,0.0,0.0,0.0,0.0,0.0,0.0,0.0,0.0,16.0,0.0,0.0,0.0,0.0,0.0,0.0,0.0,1,0.0,0.0,105.5
Alex Bayer,FA,TE,0.0,6.0,0.0,0.0,0.0,0.0,0.0,0.0,0.0,0.0,0.0,0.0,0.0,0.0,0.0,0.0,0.0,0.0,0.0,0.0,0.0,0.0,0.0,0.0,0.0,0.0,0.0,0.0,0.0,0.0,0.0,0.0,0.0,0.0,0.0,0.78,0.0,0.0,0.0,0.0,0.0,6.0,0.0,0.0,0.0,0.0,0.0,0.0,0.0,0.0,0.0,0.0,0.0,0.0,6.0,0.0,0.0,0.0,0.0,0.0,0.0,0.0,0.0,0.0,0.0,0.0,0.0,6.0,0.0,0.0,0.0,0.0,0.0,0.0,0.0,1,0.0,0.0,105.5
Blake Annen,FA,TE,0.0,5.0,0.0,0.0,0.0,0.0,0.0,0.0,0.0,0.0,0.0,0.0,0.0,0.0,0.0,0.0,0.0,0.0,0.0,0.0,0.0,0.0,0.0,0.0,0.0,0.0,0.0,0.0,0.0,0.0,0.0,0.0,0.0,0.0,0.0,0.72,0.0,0.0,0.0,0.0,0.0,5.0,0.0,0.0,0.0,0.0,0.0,0.0,0.0,0.0,0.0,0.0,0.0,0.0,5.0,0.0,0.0,0.0,0.0,0.0,0.0,0.0,0.0,0.0,0.0,0.0,0.0,5.0,0.0,0.0,0.0,0.0,0.0,0.0,0.0,1,0.0,0.0,105.5
Chris Pantale,FA,TE,0.0,5.0,0.0,0.0,0.0,0.0,0.0,0.0,0.0,0.0,0.0,0.0,0.0,0.0,0.0,0.0,0.0,0.0,0.0,0.0,0.0,0.0,0.0,0.0,0.0,0.0,0.0,0.0,0.0,0.0,0.0,0.0,0.0,0.0,0.0,0.72,0.0,0.0,0.0,0.0,0.0,5.0,0.0,0.0,0.0,0.0,0.0,0.0,0.0,0.0,0.0,0.0,0.0,0.0,5.0,0.0,0.0,0.0,0.0,0.0,0.0,0.0,0.0,0.0,0.0,0.0,0.0,5.0,0.0,0.0,0.0,0.0,0.0,0.0,0.0,1,0.0,0.0,105.5
Greg Scruggs,FA,TE,0.0,3.8,0.0,0.0,0.0,0.0,0.0,0.0,0.0,0.0,0.0,0.0,0.0,0.0,0.0,0.0,0.0,0.0,0.0,0.0,0.0,0.0,0.0,0.0,0.0,0.0,0.0,0.0,0.0,0.0,0.0,0.0,0.0,0.0,0.0,0.6,0.0,0.0,0.0,0.0,0.0,3.8,0.0,0.0,0.0,0.0,0.0,0.0,0.0,0.0,0.0,0.0,0.0,0.0,3.8,0.0,0.0,0.0,0.0,0.0,0.0,0.0,0.0,0.0,0.0,0.0,0.0,3.8,0.0,0.0,0.0,0.0,0.0,0.0,0.0,3,0.0,0.0,105.5
Beau Brinkley,FA,TE,0.0,16.0,0.0,0.0,0.0,0.0,0.0,0.0,0.0,0.0,0.0,0.0,0.0,0.0,0.0,0.0,0.0,0.0,0.0,0.0,0.0,0.0,0.0,0.0,0.0,0.0,0.0,0.0,0.0,0.0,0.0,0.0,0.0,0.0,0.0,1.0,0.0,0.0,0.0,0.0,0.0,16.0,0.0,0.0,0.0,0.0,0.0,0.0,0.0,0.0,0.0,0.0,0.0,0.0,16.0,0.0,0.0,0.0,0.0,0.0,0.0,0.0,0.0,0.0,0.0,0.0,0.0,16.0,0.0,0.0,0.0,0.0,0.0,0.0,0.0,3,0.0,0.0,105.5
Clark Harris,FA,TE,0.0,16.0,0.0,0.0,0.0,0.0,0.0,0.0,0.0,0.0,0.0,0.0,0.0,0.0,0.0,0.0,0.0,0.0,0.0,0.0,0.0,0.0,0.0,0.0,0.0,0.0,0.0,0.0,0.0,0.0,0.0,0.0,0.0,0.0,0.0,1.0,0.0,0.0,0.0,0.0,0.0,16.0,0.0,0.0,0.0,0.0,0.0,0.0,0.0,0.0,0.0,0.0,0.0,0.0,16.0,0.0,0.0,0.0,0.0,0.0,0.0,0.0,0.0,0.0,0.0,0.0,0.0,16.0,0.0,0.0,0.0,0.0,0.0,0.0,0.0,3,0.0,0.0,105.5
Brett Brackett,FA,TE,0.0,8.0,0.0,0.0,0.0,0.0,0.0,0.0,0.0,0.0,0.0,0.0,0.0,0.0,0.0,0.0,0.0,0.0,0.0,0.0,0.0,0.0,0.0,0.0,0.0,0.0,0.0,0.0,0.0,0.0,0.0,0.0,0.0,0.0,0.0,0.88,0.0,0.0,0.0,0.0,0.0,8.0,0.0,0.0,0.0,0.0,0.0,0.0,0.0,0.0,0.0,0.0,0.0,0.0,8.0,0.0,0.0,0.0,0.0,0.0,0.0,0.0,0.0,0.0,0.0,0.0,0.0,8.0,0.0,0.0,0.0,0.0,0.0,0.0,0.0,1,0.0,0.0,105.5
Keavon Milton,FA,TE,0.0,2.75,0.0,0.0,0.0,0.0,0.0,0.0,0.0,0.0,0.0,0.0,0.0,0.0,0.0,0.0,0.0,0.0,0.0,0.0,0.0,0.0,0.0,0.0,0.0,0.0,0.0,0.0,0.0,0.0,0.0,0.0,0.0,0.0,0.0,0.43,0.0,0.0,0.0,0.0,0.0,2.75,0.0,0.0,0.0,0.0,0.0,0.0,0.0,0.0,0.0,0.0,0.0,0.0,2.75,0.0,0.0,0.0,0.0,0.0,0.0,0.0,0.0,0.0,0.0,0.0,0.0,2.75,0.0,0.0,0.0,0.0,0.0,0.0,0.0,2,0.0,0.0,105.5
Kevin McDermott,FA,TE,0.0,9.25,0.0,0.0,0.0,0.0,0.0,0.0,0.0,0.0,0.0,0.0,0.0,0.0,0.0,0.0,0.0,0.0,0.0,0.0,0.0,0.0,0.0,0.0,0.0,0.0,0.0,0.0,0.0,0.0,0.0,0.0,0.0,0.0,0.0,0.88,0.0,0.0,0.0,0.0,0.0,9.25,0.0,0.0,0.0,0.0,0.0,0.0,0.0,0.0,0.0,0.0,0.0,0.0,9.25,0.0,0.0,0.0,0.0,0.0,0.0,0.0,0.0,0.0,0.0,0.0,0.0,9.25,0.0,0.0,0.0,0.0,0.0,0.0,0.0,2,0.0,0.0,105.5
Justin Perillo,FA,TE,0.0,2.0,0.0,0.0,0.0,0.0,0.0,0.0,0.0,0.0,0.0,0.0,0.0,0.0,0.0,0.0,0.0,0.0,0.0,0.0,0.0,0.0,0.0,0.0,0.0,0.0,0.0,0.0,0.0,0.0,0.0,0.0,0.0,0.0,0.0,0.44,0.0,0.0,0.0,0.0,0.0,2.0,0.0,0.0,0.0,0.0,0.0,0.0,0.0,0.0,0.0,0.0,0.0,0.0,2.0,0.0,0.0,0.0,0.0,0.0,0.0,0.0,0.0,0.0,0.0,0.0,0.0,2.0,0.0,0.0,0.0,0.0,0.0,0.0,0.0,1,0.0,0.0,105.5
Mike Leach,FA,TE,0.0,16.0,0.0,0.0,0.0,0.0,0.0,0.0,0.0,0.0,0.0,0.0,0.0,0.0,0.0,0.0,0.0,0.0,0.0,0.0,0.0,0.0,0.0,0.0,0.0,0.0,0.0,0.0,0.0,0.0,0.0,0.0,0.0,0.0,0.0,1.0,0.0,0.0,0.0,0.0,0.0,16.0,0.0,0.0,0.0,0.0,0.0,0.0,0.0,0.0,0.0,0.0,0.0,0.0,16.0,0.0,0.0,0.0,0.0,0.0,0.0,0.0,0.0,0.0,0.0,0.0,0.0,16.0,0.0,0.0,0.0,0.0,0.0,0.0,0.0,3,0.0,0.0,105.5
Kyle Nelson,FA,TE,0.0,14.08,0.0,0.0,0.0,0.0,0.0,0.0,0.0,0.0,0.0,0.0,0.0,0.0,0.0,0.0,0.0,0.0,0.0,0.0,0.0,0.0,0.0,0.0,0.0,0.0,0.0,0.0,0.0,0.0,0.0,0.0,0.0,0.0,0.0,0.98,0.0,0.0,0.0,0.0,0.0,14.08,0.0,0.0,0.0,0.0,0.0,0.0,0.0,0.0,0.0,0.0,0.0,0.0,14.08,0.0,0.0,0.0,0.0,0.0,0.0,0.0,0.0,0.0,0.0,0.0,0.0,14.08,0.0,0.0,0.0,0.0,0.0,0.0,0.0,3,0.0,0.0,105.5
Scott Simonson,FA,TE,0.0,4.0,0.0,0.0,0.0,0.0,0.0,0.0,0.0,0.0,0.0,0.0,0.0,0.0,0.0,0.0,0.0,0.0,0.0,0.0,0.0,0.0,0.0,0.0,0.0,0.0,0.0,0.0,0.0,0.0,0.0,0.0,0.0,0.0,0.0,0.65,0.0,0.0,0.0,0.0,0.0,4.0,0.0,0.0,0.0,0.0,0.0,0.0,0.0,0.0,0.0,0.0,0.0,0.0,4.0,0.0,0.0,0.0,0.0,0.0,0.0,0.0,0.0,0.0,0.0,0.0,0.0,4.0,0.0,0.0,0.0,0.0,0.0,0.0,0.0,1,0.0,0.0,105.5
Rashaun Allen,FA,TE,0.0,1.0,0.0,0.0,0.0,0.0,0.0,0.0,0.0,0.0,0.0,0.0,0.0,0.0,0.0,0.0,0.0,0.0,0.0,0.0,0.0,0.0,0.0,0.0,0.0,0.0,0.0,0.0,0.0,0.0,0.0,0.0,0.0,0.0,0.0,0.28,0.0,0.0,0.0,0.0,0.0,1.0,0.0,0.0,0.0,0.0,0.0,0.0,0.0,0.0,0.0,0.0,0.0,0.0,1.0,0.0,0.0,0.0,0.0,0.0,0.0,0.0,0.0,0.0,0.0,0.0,0.0,1.0,0.0,0.0,0.0,0.0,0.0,0.0,0.0,1,0.0,0.0,105.5
Patrick Scales,CHI,TE,2.0,2.0,0.0,0.0,0.0,0.0,0.0,0.0,0.0,0.0,0.0,0.0,0.0,0.0,0.0,0.0,0.0,0.0,0.0,0.0,0.0,0.0,0.0,0.0,0.0,0.0,0.0,0.0,0.0,0.0,0.0,0.0,0.0,0.0,0.0,0.44,0.0,0.0,0.0,0.0,0.0,2.0,0.0,0.0,0.0,0.0,0.0,0.0,0.0,0.0,0.0,0.0,0.0,0.0,2.0,0.0,0.0,0.0,0.0,0.0,0.0,0.0,0.0,0.0,0.0,0.0,0.0,2.0,0.0,0.0,0.0,0.0,0.0,0.0,0.0,1,0.0,0.0,105.5
